Native_0.pdb
every pl score: 
0 0 -0.689988; 1 0 -1.37975; 1 2 -1.20186; 2 0 -0.659989; 2 2 -0.217297; 3 0 -0.264272; 3 1 -0.705916; 3 3 -0.646201; 
every pml score:
4 0 -0.0316657; 5 0 0.481132; 6 0 -0.0581479; 7 0 3.26979; 8 0 3.23939; 9 0 -0.0785351; 
plscore: -5.76527; pmlscore: 6.82197
Native_1.pdb
every pl score: 
0 0 -1.41352; 0 1 -0.628536; 0 2 0.337237; 0 3 -1.39127; 0 4 -0.0884013; 1 0 -1.95953; 2 0 -2.24832; 2 2 -4.07771; 3 0 -0.346239; 4 0 -0.537498; 4 1 -0.877679; 4 2 -1.46988; 5 0 0.088079; 6 0 -0.239102; 6 2 0.397917; 6 3 -0.266039; 6 5 -2.55049; 
every pml score:
7 0 -0.860444; 8 0 -0.0121638; 9 0 -0.0163074; 10 0 -0.0885972; 11 0 -0.0317784; 12 0 -0.89823; 13 0 -0.864477; 14 0 -0.147647; 
plscore: -17.271; pmlscore: -2.91964
Native_2.pdb
every pl score: 
0 0 0.142791; 0 1 0.0279587; 9 0 -1.44254; 10 0 0.341494; 10 1 0.40749; 11 0 -0.262437; 11 3 -0.525353; 11 5 -1.20343; 12 0 -0.0474734; 13 0 0.0972789; 13 1 -1.34893; 14 0 -6.64785; 14 1 -4.37585; 14 2 -2.7438; 15 0 -1.32529; 
every pml score:
1 0 0.343091; 2 0 -0.930113; 3 0 -0.178261; 4 0 -0.0601664; 5 0 -0.0251516; 6 0 -0.614668; 7 0 -0.0190434; 8 0 -0.0791685; 16 0 -0.427819; 
plscore: -18.9059; pmlscore: -1.9913
Native_3.pdb
every pl score: 
0 0 -0.0190797; 0 1 0.264243; 0 2 -2.07996; 0 3 -2.19044; 1 0 0.310044; 1 1 -1.62632; 1 2 0.324792; 2 0 -0.0324071; 3 0 -2.51431; 3 1 -3.73351; 3 2 -3.59992; 4 0 -2.95357; 5 0 -0.123562; 6 0 -0.274114; 6 1 -1.28735; 6 2 0.119416; 7 0 -1.92434; 7 1 -0.263943; 8 0 -2.48621; 8 1 0.190408; 
every pml score:
9 0 -0.954136; 10 0 -nan; 
plscore: -23.9001; pmlscore: -nan
Native_4.pdb
every pl score: 
0 0 -0.195488; 0 1 -0.0600717; 0 2 -2.07171; 1 0 -4.43737; 2 0 0.0949652; 2 2 0; 2 3 -0.149324; 3 0 -0.056454; 4 0 -0.386374; 4 1 0.0474114; 4 2 -3.1916; 5 0 -0.101582; 6 0 0.152936; 6 1 -1.05138; 6 2 0.178127; 6 4 0; 6 5 0.0396745; 7 0 -0.354303; 8 0 -1.26596; 9 0 -0.341047; 9 2 0.702998; 9 3 -0.503166; 10 0 0.0679158; 
every pml score:
11 0 -0.796806; 12 0 -0.436756; 13 0 -0.290566; 14 0 -0.403715; 15 0 -0.00431456; 16 0 -0.717988; 17 0 -0.625537; 18 0 -0.870713; 19 0 -1.30127; 20 0 -0.85686; 
plscore: -12.8818; pmlscore: -6.30452
Native_5.pdb
every pl score: 
0 0 -0.203079; 1 0 0.0524575; 2 0 -0.412998; 3 0 0.122581; 3 1 -2.34993; 3 2 -0.287833; 4 0 0.014444; 
every pml score:
5 0 -0.836786; 6 0 -0.661196; 7 0 -0.0789265; 8 0 -0.270701; 9 0 -0.361889; 10 0 -0.349355; 11 0 -0.415444; 12 0 -0.00290026; 13 0 -0.238421; 14 0 -0.16832; 15 0 0.558299; 16 0 -0.0846517; 
plscore: -3.06436; pmlscore: -2.91029
Native_6.pdb
every pl score: 
0 0 -0.12611; 0 1 -0.177592; 1 0 -1.40566; 1 1 -3.9843; 1 2 -4.30985; 1 3 -5.34655; 1 4 -1.22085; 2 0 -0.125447; 3 0 -1.46721; 4 0 -0.625195; 5 0 -2.39995; 5 1 0.162482; 5 2 -0.63791; 6 0 -0.120407; 6 1 0.285512; 7 0 0.481541; 7 1 -3.0281; 7 2 0.05383; 7 3 -2.73204; 7 4 0.297332; 7 5 -1.23185; 7 6 0.100866; 7 7 -2.47841; 7 9 -0.255573; 
every pml score:
8 0 -0.32148; 
plscore: -30.2914; pmlscore: -0.32148
Native_7.pdb
every pl score: 
0 0 0.120871; 1 0 0.00354667; 1 1 -0.228269; 1 3 -1.54728; 2 0 -5.03917; 
every pml score:
3 0 -nan; 
plscore: -6.6903; pmlscore: -nan
Native_8.pdb
every pl score: 
0 0 0.0705523; 0 1 0.733915; 0 2 0.255244; 0 3 -0.556636; 0 4 0.223889; 0 5 -1.88262; 0 6 1.3426; 0 7 -0.274258; 0 8 -0.0393683; 1 0 0.012004; 2 0 -0.222561; 2 1 -0.0707698; 3 0 -0.461476; 3 1 -2.65179; 3 2 -1.42561; 3 3 -1.55263; 3 4 -0.179694; 4 0 0; 5 0 -0.765185; 5 1 -3.061; 5 4 -0.233636; 
every pml score:

plscore: -10.739; pmlscore: 0
Native_9.pdb
every pl score: 
0 0 -0.0523614; 0 1 0.210242; 0 2 -3.27226; 0 3 -1.95825; 0 4 0.0849059; 1 0 0.330337; 1 1 -1.09632; 1 2 0.111868; 2 0 -1.35206; 3 0 -1.34419; 4 0 -0.735325; 4 1 -0.576499; 4 2 -0.29901; 4 3 -1.48132; 
every pml score:

plscore: -11.4302; pmlscore: 0
