ALA-1   1 1.000000
CB      -0.649   0.111   1.404
CYS-1   2 0.692370
CB      -0.940   0.008   1.206
SG      -2.233  -1.232   1.110
CYS-2   2 0.157739
CB      -0.938  -0.011   1.207
SG      -2.070   1.381   1.268
CYS-3   2 0.149890
CB      -0.970   0.014   1.162
SG      -0.212   0.099   2.781
ASP-1   4 0.457050
CB      -0.944   0.026   1.210
CG      -2.097  -0.951   1.079
OD1     -2.344  -1.476  -0.018
OD2     -2.764  -1.199   2.103
ASP-2   4 0.198189
CB      -0.991  -0.009   1.164
CG      -0.322  -0.025   2.503
OD1      0.892  -0.218   2.631
OD2     -0.999   0.133   3.549
ASP-3   4 0.198721
CB      -0.915  -0.005   1.199
CG      -1.917  -1.122   1.196
OD1     -2.533  -1.361   0.129
OD2     -2.083  -1.822   2.191
ASP-4   4 0.128365
CB      -0.912   0.013   1.232
CG      -1.976   1.123   1.172
OD1     -2.594   1.312   0.113
OD2     -2.287   1.726   2.177
ASP-5   4 0.017675
CB      -0.930   0.012   1.219
CG      -1.909  -1.148   1.219
OD1     -1.464  -2.308   1.357
OD2     -3.123  -0.898   1.074
GLU-1   5 0.238588
CB      -0.956  -0.002   1.193
CG      -2.032  -1.066   1.065
CD      -2.940  -1.141   2.272
OE1     -2.531  -0.674   3.365
OE2     -4.062  -1.679   2.121
GLU-2   5 0.161149
CB      -0.988   0.038   1.203
CG      -2.031  -0.950   1.253
CD      -2.947  -0.905  -0.024
OE1     -3.199   0.161  -0.409
OE2     -3.513  -1.880  -0.519
GLU-3   5 0.123716
CB      -0.964   0.009   1.205
CG      -2.050  -1.022   1.117
CD      -3.041  -0.959   2.250
OE1     -3.199   0.141   2.778
OE2     -3.541  -2.018   2.697
GLU-4   5 0.104350
CB      -0.943   0.005   1.197
CG      -1.908   1.174   1.212
CD      -2.928   1.077   2.323
OE1     -2.595   0.538   3.401
OE2     -4.067   1.549   2.114
GLU-5   5 0.108241
CB      -0.953  -0.007   1.201
CG      -1.832   1.232   1.263
CD      -2.778   1.206   2.438
OE1     -3.152   0.120   2.923
OE2     -3.143   2.300   2.901
GLU-6   5 0.092734
CB      -0.928  -0.013   1.217
CG      -1.901   1.152   1.297
CD      -2.895   1.196   0.147
OE1     -3.169   0.139  -0.471
OE2     -3.421   2.300  -0.121
GLU-7   5 0.077952
CB      -0.943   0.037   1.230
CG      -2.053  -1.005   1.221
CD      -1.572  -2.385   1.689
OE1     -0.427  -2.561   2.142
OE2     -2.360  -3.344   1.559
GLU-8   5 0.042536
CB      -0.994   0.037   1.156
CG      -0.364  -0.029   2.496
CD      -1.340   0.062   3.647
OE1     -2.527   0.039   3.413
OE2     -0.913   0.157   4.769
GLU-9   5 0.032589
CB      -0.988   0.009   1.173
CG      -0.349   0.136   2.533
CD       0.075  -1.198   3.119
OE1      0.139  -2.201   2.380
OE2      0.354  -1.239   4.328
GLU-10  5 0.018145
CB      -0.957  -0.010   1.202
CG      -2.048   1.065   1.187
CD      -1.584   2.382   1.789
OE1     -0.655   2.352   2.614
OE2     -2.155   3.441   1.452
PHE-1   7 0.296276
CB      -0.964   0.017   1.190
CG      -1.965  -1.099   1.174
CD1     -2.051  -1.986   2.234
CE1     -2.977  -3.011   2.226
CZ      -3.833  -3.158   1.148
CE2     -3.762  -2.275   0.088
CD2     -2.833  -1.250   0.106
PHE-2   7 0.242650
CB      -0.959  -0.016   1.204
CG      -1.724   1.272   1.378
CD1     -2.810   1.563   0.565
CE1     -3.508   2.756   0.715
CZ      -3.127   3.655   1.700
CE2     -2.040   3.354   2.513
CD2     -1.366   2.163   2.362
PHE-3   7 0.209188
CB      -0.941   0.006   1.206
CG      -1.967   1.103   1.169
CD1     -3.090   0.993   0.366
CE1     -4.035   2.001   0.330
CZ      -3.865   3.133   1.101
CE2     -2.750   3.256   1.905
CD2     -1.809   2.244   1.937
PHE-4   7 0.202409
CB      -0.965  -0.001   1.181
CG      -2.182  -0.844   0.958
CD1     -2.180  -2.188   1.290
CE1     -3.305  -2.974   1.073
CZ      -4.434  -2.415   0.524
CE2     -4.447  -1.071   0.191
CD2     -3.325  -0.295   0.404
PHE-5   7 0.049478
CB      -1.036   0.004   1.159
CG      -0.427   0.045   2.518
CD1     -0.078   1.264   3.075
CE1      0.522   1.310   4.317
CZ       0.763   0.156   5.035
CE2      0.438  -1.065   4.473
CD2     -0.177  -1.100   3.240
HIS-1   6 0.307479
CB      -0.964   0.029   1.189
CG      -1.997  -1.045   1.143
ND1     -3.019  -1.041   0.224
CE1     -3.762  -2.119   0.395
NE2     -3.257  -2.823   1.393
CD2     -2.151  -2.171   1.880
HIS-2   6 0.252486
CB      -0.990   0.013   1.173
CG      -2.071  -1.012   1.058
ND1     -2.206  -2.051   1.951
CE1     -3.237  -2.798   1.601
NE2     -3.776  -2.280   0.513
CD2     -3.063  -1.162   0.150
HIS-3   6 0.197959
CB      -0.918  -0.019   1.209
CG      -1.823   1.169   1.289
ND1     -2.897   1.365   0.441
CE1     -3.489   2.505   0.754
NE2     -2.851   3.041   1.778
CD2     -1.791   2.238   2.115
HIS-4   6 0.128240
CB      -0.944  -0.012   1.209
CG      -1.916   1.125   1.229
ND1     -1.789   2.167   2.124
CE1     -2.780   3.026   1.930
NE2     -3.549   2.570   0.951
CD2     -3.032   1.380   0.495
HIS-5   6 0.113836
CB      -0.982   0.015   1.170
CG      -0.331   0.094   2.517
ND1      0.336  -0.969   3.087
CE1      0.797  -0.615   4.273
NE2      0.434   0.635   4.504
CD2     -0.272   1.103   3.419
ILE-1   4 0.613403
CB      -0.963   0.005   1.205
CG1     -2.011  -1.099   1.034
CD1     -2.831  -1.382   2.277
CG2     -1.657   1.354   1.343
ILE-2   4 0.159700
CB      -0.955   0.015   1.218
CG1     -1.944  -1.154   1.155
CD1     -2.776  -1.199  -0.096
CG2     -1.688   1.339   1.302
ILE-3   4 0.128570
CB      -1.007   0.030   1.162
CG1     -0.292  -0.018   2.507
CD1     -1.211   0.320   3.669
CG2     -1.994  -1.119   1.038
ILE-4   4 0.052121
CB      -1.022  -0.001   1.182
CG1     -2.086   1.085   0.977
CD1     -2.956   0.852  -0.246
CG2     -0.349   0.151   2.529
ILE-5   4 0.046206
CB      -1.014   0.006   1.166
CG1     -2.057   1.089   0.951
CD1     -3.268   0.958   1.853
CG2     -0.316   0.153   2.519
LYS-1   5 0.226754
CB      -0.950   0.017   1.195
CG      -2.000  -1.063   1.133
CD      -2.903  -0.994   2.349
CE      -4.010  -2.016   2.233
NZ      -4.843  -2.041   3.464
LYS-2   5 0.207834
CB      -0.960  -0.041   1.213
CG      -1.774   1.203   1.338
CD      -2.852   1.051   2.332
CE      -3.606   2.373   2.297
NZ      -4.753   2.373   3.180
LYS-3   5 0.102586
CB      -0.981  -0.027   1.160
CG      -2.065  -1.088   1.116
CD      -3.004  -0.960   2.274
CE      -3.993  -2.071   2.450
NZ      -4.849  -2.481   1.404
LYS-4   5 0.083096
CB      -0.891   0.037   1.237
CG      -2.178  -0.671   1.044
CD      -3.001  -0.555   2.324
CE      -4.032   0.574   2.217
NZ      -5.263   0.236   3.024
LYS-5   5 0.083782
CB      -0.894   0.032   1.258
CG      -1.974  -1.051   1.309
CD      -2.698  -1.313   0.059
CE      -3.839  -2.237   0.388
NZ      -4.490  -2.729  -0.795
LYS-6   5 0.072828
CB      -0.915  -0.030   1.237
CG      -1.980  -1.116   1.131
CD      -3.033  -1.036   2.200
CE      -2.438  -1.447   3.468
NZ      -3.520  -1.772   4.472
LYS-7   5 0.064820
CB      -0.884   0.016   1.245
CG      -1.777   1.230   1.378
CD      -2.852   1.220   0.322
CE      -3.893   2.272   0.603
NZ      -4.899   2.306  -0.496
LYS-8   5 0.054182
CB      -1.028   0.019   1.139
CG      -0.434   0.251   2.495
CD      -1.453   0.047   3.576
CE      -0.759   0.311   4.908
NZ      -1.586  -0.020   6.067
LYS-9   5 0.053665
CB      -0.967   0.007   1.190
CG      -1.924   1.225   1.245
CD      -2.731   1.202   2.500
CE      -1.930   1.781   3.630
NZ      -2.830   2.077   4.765
LYS-10  5 0.050453
CB      -0.929   0.018   1.220
CG      -2.101  -0.913   1.087
CD      -2.940  -0.550  -0.111
CE      -4.409  -0.594   0.215
NZ      -5.246  -0.379  -0.985
LEU-1   4 0.640638
CB      -0.178  -0.282   1.491
CG      -1.208  -1.300   1.881
CD1     -1.447  -1.281   3.376
CD2     -2.503  -1.045   1.124
LEU-2   4 0.275204
CB      -0.947  -0.004   1.201
CG      -1.895   1.186   1.327
CD1     -2.797   1.270   0.099
CD2     -2.710   1.068   2.598
LEU-3   4 0.043930
CB      -0.925   0.008   1.198
CG      -2.342  -0.523   1.007
CD1     -2.394  -1.440  -0.002
CD2     -2.901  -1.096   2.250
LEU-4   4 0.035983
CB      -0.984  -0.072   1.195
CG      -2.191   0.859   1.092
CD1     -3.157   0.646   2.266
CD2     -1.737   2.238   1.075
LEU-5   4 0.004245
CB      -0.981   0.005   1.173
CG      -0.429   0.045   2.595
CD1     -0.357   1.457   3.100
CD2     -1.311  -0.792   3.517
MET-1   4 0.216849
CB      -0.957   0.014   1.197
CG      -2.025  -1.073   1.133
SD      -3.124  -0.973  -0.288
CE      -3.929   0.586   0.045
MET-2   4 0.188082
CB      -0.961   0.037   1.193
CG      -2.047  -1.038   1.136
SD      -3.090  -1.096   2.587
CE      -3.855   0.432   2.452
MET-3   4 0.109789
CB      -0.962  -0.002   1.192
CG      -2.038  -1.078   1.093
SD      -3.318  -0.925   2.355
CE      -2.426  -1.453   3.772
MET-4   4 0.098346
CB      -0.943   0.029   1.215
CG      -1.978  -1.089   1.151
SD      -3.092  -0.843  -0.208
CE      -2.956  -2.443  -0.912
MET-5   4 0.091012
CB      -0.933   0.018   1.219
CG      -2.051  -0.991   1.125
SD      -3.085  -0.914   2.602
CE      -4.089  -2.386   2.352
MET-6   4 0.090587
CB      -0.917   0.031   1.226
CG      -1.742   1.304   1.269
SD      -2.746   1.440   2.684
CE      -1.594   1.974   3.900
MET-7   4 0.069083
CB      -0.918   0.034   1.220
CG      -1.884   1.208   1.229
SD      -2.778   1.319   2.790
CE      -4.123   0.364   2.450
MET-8   4 0.070854
CB      -0.948  -0.007   1.204
CG      -1.894   1.165   1.249
SD      -3.025   1.206  -0.175
CE      -4.121  -0.128   0.229
MET-9   4 0.034116
CB      -0.916   0.012   1.218
CG      -0.141  -0.083   2.515
SD      -1.122  -0.647   3.917
CE      -2.068   0.832   4.236
MET-10  4 0.031282
CB      -0.931  -0.004   1.190
CG      -2.003   1.079   1.176
SD      -3.197   0.783  -0.187
CE      -3.412   2.384  -0.562
ASN-1   4 0.554351
CB      -0.956  -0.010   1.186
CG      -2.065  -1.022   1.037
OD1     -2.542  -1.224  -0.001
ND2     -2.436  -1.620   2.112
ASN-2   4 0.152632
CB      -0.970   0.039   1.164
CG      -0.293   0.012   2.491
OD1      0.880  -0.142   2.597
ND2     -1.063   0.134   3.493
ASN-3   4 0.127957
CB      -0.958   0.022   1.199
CG      -2.029  -1.048   1.107
OD1     -2.277  -1.767   2.070
ND2     -2.641  -1.179  -0.059
ASN-4   4 0.112403
CB      -0.941  -0.021   1.204
CG      -1.969   1.067   1.148
OD1     -2.624   1.251   0.123
ND2     -2.125   1.796   2.239
ASN-5   4 0.052657
CB      -0.957  -0.030   1.185
CG      -1.936   1.121   1.188
OD1     -1.810   2.035   2.010
ND2     -2.907   1.115   0.313
PRO-1   3 0.543279
CB      -0.832  -0.126   1.283
CG      -0.931  -1.588   1.508
CD       0.392  -2.137   1.081
PRO-2   3 0.456721
CB      -0.832  -0.112   1.276
CG      -0.043  -1.023   2.150
CD       0.628  -1.996   1.236
GLN-1   5 0.210878
CB      -0.947   0.003   1.214
CG      -2.039  -0.998   1.085
CD      -2.925  -1.082   2.343
OE1     -2.470  -0.881   3.486
NE2     -4.200  -1.319   2.119
GLN-2   5 0.161321
CB      -0.947   0.002   1.202
CG      -1.998   1.097   1.161
CD      -2.905   1.080   2.376
OE1     -2.751   0.241   3.264
NE2     -3.913   1.909   2.620
GLN-3   5 0.142206
CB      -0.933  -0.011   1.210
CG      -1.980  -1.127   1.129
CD      -2.920  -1.058   2.315
OE1     -3.344   0.002   2.765
NE2     -3.256  -2.236   2.836
GLN-4   5 0.136589
CB      -0.939   0.018   1.209
CG      -1.987  -1.084   1.217
CD      -2.933  -0.993   0.038
OE1     -3.369   0.094  -0.342
NE2     -3.256  -2.138  -0.551
GLN-5   5 0.123996
CB      -0.938  -0.021   1.190
CG      -1.881   1.165   1.221
CD      -2.830   1.082   0.103
OE1     -3.256   0.017  -0.216
NE2     -3.175   2.188  -0.498
GLN-6   5 0.056562
CB      -0.903   0.044   1.242
CG      -1.985  -1.018   1.073
CD      -2.909  -1.086   2.285
OE1     -3.812  -1.952   2.325
NE2     -2.785  -0.180   3.185
GLN-7   5 0.055309
CB      -0.932   0.018   1.213
CG      -1.955  -1.085   1.203
CD      -2.895  -0.970   0.030
OE1     -2.910  -1.820  -0.855
NE2     -3.694   0.085   0.020
GLN-8   5 0.048771
CB      -0.956   0.001   1.183
CG      -0.281   0.181   2.520
CD      -1.094  -0.436   3.633
OE1     -2.082  -1.120   3.380
NE2     -0.681  -0.205   4.869
GLN-9   5 0.041991
CB      -0.906   0.012   1.190
CG      -1.977  -1.020   1.213
CD      -1.566  -2.398   1.734
OE1     -0.503  -2.626   2.197
NE2     -2.486  -3.265   1.706
GLN-10  5 0.022377
CB      -0.897  -0.028   1.243
CG      -1.868   1.136   1.397
CD      -1.254   2.348   2.079
OE1     -0.439   2.219   2.988
NE2     -1.666   3.530   1.657
ARG-1   7 0.088887
CB      -0.960   0.025   1.186
CG      -2.111  -0.990   1.069
CD      -3.146  -0.782   2.135
NE      -2.631  -0.968   3.488
CZ      -2.662  -2.144   4.124
NH1     -3.175  -3.211   3.527
NH2     -2.208  -2.267   5.360
ARG-2   7 0.082627
CB      -0.966   0.025   1.184
CG      -2.107  -0.963   1.006
CD      -3.032  -0.954   2.237
NE      -4.089  -1.938   2.065
CZ      -5.022  -2.183   2.968
NH1     -5.071  -1.484   4.049
NH2     -5.935  -3.115   2.711
ARG-3   7 0.068327
CB      -0.925   0.017   1.197
CG      -2.017  -1.046   1.118
CD      -2.837  -1.090   2.339
NE      -3.597   0.128   2.457
CZ      -4.134   0.551   3.597
NH1     -4.002  -0.167   4.714
NH2     -4.809   1.693   3.627
ARG-4   7 0.065881
CB      -0.938   0.043   1.225
CG      -2.049  -1.003   1.137
CD      -2.947  -0.954   2.316
NE      -3.922  -2.038   2.228
CZ      -5.104  -1.927   1.627
NH1     -5.447  -0.767   1.085
NH2     -5.929  -2.972   1.580
ARG-5   7 0.057600
CB      -0.929   0.029   1.208
CG      -2.107  -0.913   1.080
CD      -2.943  -0.874   2.338
NE      -2.185  -1.364   3.481
CZ      -2.476  -1.095   4.749
NH1     -3.504  -0.303   5.047
NH2     -1.727  -1.606   5.717
ARG-6   7 0.058427
CB      -0.961  -0.041   1.211
CG      -1.972   1.130   1.172
CD      -2.822   1.211   2.444
NE      -2.018   1.382   3.656
CZ      -2.334   0.852   4.839
NH1     -3.485   0.215   5.004
NH2     -1.521   0.988   5.871
ARG-7   7 0.059530
CB      -0.924   0.050   1.226
CG      -1.956  -1.071   1.179
CD      -3.092  -0.870   2.099
NE      -3.724   0.436   1.889
CZ      -5.031   0.607   1.724
NH1     -5.831  -0.456   1.725
NH2     -5.531   1.833   1.576
ARG-8   7 0.055441
CB      -0.931   0.051   1.212
CG      -1.816   1.259   1.221
CD      -2.634   1.409   2.452
NE      -1.877   1.469   3.687
CZ      -1.416   2.585   4.226
NH1     -1.595   3.728   3.634
NH2     -0.756   2.561   5.336
ARG-9   7 0.052960
CB      -0.956   0.007   1.198
CG      -1.960  -1.135   1.179
CD      -2.955  -1.033   2.315
NE      -3.800  -2.227   2.360
CZ      -3.898  -3.031   3.415
NH1     -3.244  -2.739   4.535
NH2     -4.670  -4.115   3.356
ARG-10  7 0.049698
CB      -0.913   0.000   1.224
CG      -1.845   1.197   1.323
CD      -2.702   1.061   2.562
NE      -3.450  -0.191   2.538
CZ      -3.672  -0.954   3.602
NH1     -3.197  -0.596   4.790
NH2     -4.369  -2.076   3.479
ARG-11  7 0.045793
CB      -0.925  -0.003   1.208
CG      -1.850   1.206   1.213
CD      -2.741   1.160   2.403
NE      -3.685   2.270   2.394
CZ      -4.640   2.435   3.315
NH1     -4.820   1.556   4.295
NH2     -5.451   3.467   3.223
ARG-12  7 0.046379
CB      -0.949   0.005   1.200
CG      -1.927   1.173   1.211
CD      -2.973   0.991   2.300
NE      -3.805  -0.188   2.074
CZ      -5.003  -0.164   1.493
NH1     -5.514   0.978   1.066
NH2     -5.695  -1.292   1.347
ARG-13  7 0.039028
CB      -0.961   0.028   1.175
CG      -1.759   1.288   1.169
CD      -2.865   1.263   2.145
NE      -3.716   2.429   1.957
CZ      -4.933   2.386   1.428
NH1     -5.458   1.226   1.061
NH2     -5.628   3.507   1.285
ARG-14  7 0.039774
CB      -0.916  -0.017   1.237
CG      -1.867   1.158   1.318
CD      -2.844   1.186   0.121
NE      -3.740   2.326   0.298
CZ      -3.657   3.471  -0.374
NH1     -2.725   3.638  -1.316
NH2     -4.512   4.455  -0.096
ARG-15  7 0.035157
CB      -0.901   0.051   1.238
CG      -1.938  -1.048   1.309
CD      -2.826  -1.042   0.080
NE      -3.605   0.190  -0.019
CZ      -4.398   0.492  -1.041
NH1     -4.492  -0.325  -2.083
NH2     -5.093   1.620  -1.021
ARG-16  7 0.034663
CB      -0.938   0.013   1.196
CG      -1.853   1.225   1.219
CD      -2.752   1.189   2.430
NE      -3.609   2.368   2.525
CZ      -3.243   3.485   3.148
NH1     -2.041   3.561   3.707
NH2     -4.066   4.514   3.219
ARG-17  7 0.034089
CB      -0.960   0.001   1.182
CG      -2.082  -0.991   0.984
CD      -2.904  -1.189   2.241
NE      -4.060  -2.020   1.943
CZ      -4.026  -3.345   1.907
NH1     -2.891  -3.982   2.164
NH2     -5.126  -4.029   1.616
ARG-18  7 0.031011
CB      -0.988   0.008   1.188
CG      -0.422   0.277   2.558
CD      -1.534   0.396   3.561
NE      -0.946   0.647   4.863
CZ      -0.785  -0.288   5.792
NH1     -1.188  -1.516   5.530
NH2     -0.264   0.016   6.997
ARG-19  7 0.030276
CB      -0.914   0.058   1.216
CG      -1.913  -1.012   1.252
CD      -2.891  -0.867   0.129
NE      -3.982  -1.796   0.361
CZ      -5.050  -1.881  -0.410
NH1     -5.146  -1.116  -1.478
NH2     -5.978  -2.767  -0.126
ARG-20  7 0.024453
CB      -0.959   0.029   1.191
CG      -2.015  -1.083   1.186
CD      -3.108  -0.846   0.172
NE      -3.851  -2.076  -0.102
CZ      -3.491  -2.980  -1.012
NH1     -2.396  -2.793  -1.738
NH2     -4.223  -4.072  -1.195
SER-1   2 0.520330
CB      -0.969   0.007   1.181
OG      -0.271   0.073   2.400
SER-2   2 0.335783
CB      -0.935   0.018   1.213
OG      -1.863  -1.042   1.126
SER-3   2 0.143887
CB      -0.941  -0.008   1.205
OG      -1.739   1.152   1.221
THR-1   3 0.469594
CB      -0.947   0.005   1.207
OG1     -1.798  -1.143   1.121
CG2     -1.815   1.258   1.213
THR-2   3 0.510453
CB      -0.967   0.048   1.194
OG1     -0.214   0.023   2.410
CG2     -1.916  -1.135   1.171
THR-3   3 0.019953
CB      -1.001  -0.050   1.189
OG1     -1.924   1.012   1.068
CG2     -0.292   0.079   2.444
VAL-1   3 0.756682
CB      -0.976   0.014   1.203
CG1     -1.692   1.348   1.305
CG2     -1.978  -1.119   1.071
VAL-2   3 0.177367
CB      -1.016   0.037   1.168
CG1     -1.992  -1.130   1.064
CG2     -0.311   0.044   2.519
VAL-3   3 0.065951
CB      -1.024  -0.015   1.166
CG1     -0.332   0.152   2.503
CG2     -2.048   1.046   0.968
TRP-1  10 0.202153
CB      -0.919   0.012   1.227
CG      -1.788   1.240   1.352
CD1     -2.878   1.531   0.636
NE1     -3.443   2.701   1.087
CE2     -2.701   3.169   2.141
CZ2     -2.838   4.326   2.894
CH2     -1.896   4.566   3.887
CZ3     -0.865   3.683   4.123
CE3     -0.726   2.520   3.346
CD2     -1.636   2.284   2.316
TRP-2  10 0.174715
CB      -0.950  -0.002   1.209
CG      -2.082  -0.906   0.995
CD1     -2.207  -2.194   1.449
NE1     -3.392  -2.733   1.019
CE2     -4.062  -1.796   0.281
CZ2     -5.281  -1.886  -0.372
CH2     -5.692  -0.805  -1.079
CZ3     -4.927   0.347  -1.159
CE3     -3.712   0.459  -0.488
CD2     -3.255  -0.640   0.227
TRP-3  10 0.131877
CB      -0.929   0.026   1.206
CG      -1.901  -1.126   1.301
CD1     -2.063  -2.168   0.414
NE1     -3.059  -3.019   0.856
CE2     -3.566  -2.546   2.037
CZ2     -4.572  -3.052   2.856
CH2     -4.873  -2.346   4.002
CZ3     -4.196  -1.165   4.337
CE3     -3.191  -0.656   3.524
CD2     -2.860  -1.345   2.353
TRP-4  10 0.119838
CB      -1.030  -0.054   1.136
CG      -0.393   0.017   2.542
CD1      0.089  -1.028   3.305
NE1      0.559  -0.547   4.510
CE2      0.401   0.814   4.554
CZ2      0.757   1.729   5.552
CH2      0.491   3.081   5.307
CZ3     -0.134   3.509   4.098
CE3     -0.485   2.587   3.097
CD2     -0.198   1.208   3.322
TRP-5  10 0.102439
CB      -0.906   0.010   1.237
CG      -1.858  -1.151   1.280
CD1     -1.923  -2.124   2.235
NE1     -2.931  -3.016   1.937
CE2     -3.537  -2.625   0.773
CZ2     -4.602  -3.204   0.073
CH2     -5.007  -2.590  -1.083
CZ3     -4.379  -1.422  -1.553
CE3     -3.320  -0.845  -0.858
CD2     -2.886  -1.452   0.329
TRP-6  10 0.091764
CB      -0.972  -0.022   1.189
CG      -1.939   1.115   1.110
CD1     -1.904   2.305   1.830
NE1     -2.916   3.134   1.443
CE2     -3.606   2.590   0.414
CZ2     -4.684   3.072  -0.303
CH2     -5.191   2.240  -1.317
CZ3     -4.653   0.979  -1.580
CE3     -3.536   0.502  -0.884
CD2     -2.995   1.296   0.121
TRP-7  10 0.084359
CB      -0.993   0.037   1.162
CG      -1.785   1.314   1.160
CD1     -1.702   2.336   2.063
NE1     -2.562   3.347   1.716
CE2     -3.221   2.998   0.564
CZ2     -4.180   3.701  -0.171
CH2     -4.676   3.098  -1.296
CZ3     -4.231   1.827  -1.712
CE3     -3.271   1.129  -0.987
CD2     -2.750   1.724   0.177
TRP-8  10 0.031436
CB      -0.945   0.017   1.206
CG      -0.210  -0.168   2.489
CD1      0.454   0.791   3.202
NE1      1.023   0.234   4.324
CE2      0.734  -1.106   4.352
CZ2      1.087  -2.089   5.287
CH2      0.649  -3.369   5.058
CZ3     -0.119  -3.688   3.936
CE3     -0.477  -2.713   3.005
CD2     -0.039  -1.397   3.208
TRP-9  10 0.030300
CB      -0.917   0.033   1.227
CG      -1.962  -1.033   1.317
CD1     -3.260  -0.944   0.911
NE1     -3.931  -2.110   1.192
CE2     -3.068  -2.981   1.799
CZ2     -3.280  -4.282   2.262
CH2     -2.214  -4.926   2.847
CZ3     -0.959  -4.307   2.959
CE3     -0.747  -3.021   2.484
CD2     -1.816  -2.337   1.896
TRP-10 10 0.031118
CB      -0.912  -0.063   1.226
CG      -1.917   1.001   1.356
CD1     -2.440   1.808   0.412
NE1     -3.435   2.603   0.943
CE2     -3.576   2.307   2.243
CZ2     -4.436   2.819   3.218
CH2     -4.342   2.326   4.496
CZ3     -3.385   1.337   4.819
CE3     -2.549   0.826   3.871
CD2     -2.640   1.316   2.549
TYR-1   8 0.280663
CB      -0.980   0.010   1.202
CG      -1.939  -1.148   1.226
CD1     -1.936  -2.052   2.264
CE1     -2.784  -3.157   2.258
CZ      -3.678  -3.320   1.205
OH      -4.536  -4.402   1.206
CE2     -3.684  -2.404   0.166
CD2     -2.821  -1.357   0.175
TYR-2   8 0.241685
CB      -0.926   0.003   1.218
CG      -1.692   1.291   1.389
CD1     -2.773   1.589   0.566
CE1     -3.477   2.760   0.712
CZ      -3.104   3.666   1.689
OH      -3.816   4.835   1.824
CE2     -2.036   3.401   2.522
CD2     -1.334   2.220   2.367
TYR-3   8 0.213867
CB      -0.944   0.026   1.179
CG      -2.168  -0.859   0.964
CD1     -2.185  -2.174   1.394
CE1     -3.312  -2.975   1.204
CZ      -4.405  -2.482   0.515
OH      -5.530  -3.260   0.291
CE2     -4.391  -1.183   0.051
CD2     -3.274  -0.386   0.282
TYR-4   8 0.196828
CB      -0.943  -0.016   1.186
CG      -1.952   1.090   1.189
CD1     -3.099   0.994   0.391
CE1     -4.056   1.988   0.350
CZ      -3.850   3.119   1.109
OH      -4.828   4.105   1.024
CE2     -2.747   3.274   1.893
CD2     -1.785   2.216   1.916
TYR-5   8 0.066956
CB      -1.026  -0.038   1.150
CG      -0.408  -0.007   2.521
CD1     -0.105   1.199   3.123
CE1      0.434   1.263   4.390
CZ       0.679   0.093   5.072
OH       1.202   0.186   6.322
CE2      0.391  -1.145   4.497
CD2     -0.152  -1.174   3.215
