ALA-1   1 1.000000
CB      -0.559   0.222   1.402
CYS-1   2 0.421375
CB      -0.905   0.022   1.227
SG      -2.069  -1.349   1.295
CYS-2   2 0.369122
CB      -0.921  -0.011   1.226
SG      -2.046   1.393   1.308
CYS-3   2 0.209503
CB      -0.962   0.004   1.188
SG      -0.166   0.087   2.796
ASP-1   4 0.299599
CB      -0.910  -0.034   1.229
CG      -1.886   1.121   1.270
OD1     -1.917   1.931   0.312
OD2     -2.635   1.208   2.269
ASP-2   4 0.285535
CB      -0.942   0.069   1.232
CG      -1.990  -1.017   1.210
OD1     -2.347  -1.530   0.130
OD2     -2.473  -1.399   2.251
ASP-3   4 0.184515
CB      -0.901  -0.022   1.243
CG      -2.013   0.995   1.192
OD1     -1.818   2.121   0.688
OD2     -3.132   0.650   1.593
ASP-4   4 0.145796
CB      -0.961  -0.009   1.176
CG      -0.268   0.053   2.517
OD1      0.898   0.284   2.617
OD2     -0.962  -0.146   3.495
ASP-5   4 0.084555
CB      -0.913  -0.007   1.219
CG      -1.886   1.158   1.219
OD1     -2.716   1.231   0.298
OD2     -1.809   1.993   2.130
GLU-1   5 0.201326
CB      -0.905   0.046   1.248
CG      -1.934  -1.067   1.217
CD      -2.867  -1.049   2.415
OE1     -2.462  -0.546   3.461
OE2     -3.999  -1.559   2.301
GLU-2   5 0.149891
CB      -0.962   0.041   1.209
CG      -1.908  -1.095   1.288
CD      -3.003  -1.045   0.257
OE1     -3.344   0.049  -0.218
OE2     -3.549  -2.107  -0.061
GLU-3   5 0.144695
CB      -0.921  -0.009   1.217
CG      -1.955   1.102   1.208
CD      -2.870   1.069   2.409
OE1     -2.445   0.597   3.483
OE2     -4.021   1.520   2.272
GLU-4   5 0.144201
CB      -0.837   0.032   1.279
CG      -2.010   1.001   1.187
CD      -2.654   1.285   2.528
OE1     -2.848   0.335   3.313
OE2     -2.980   2.461   2.791
GLU-5   5 0.138255
CB      -0.897   0.016   1.233
CG      -1.868  -1.148   1.283
CD      -2.788  -1.097   2.482
OE1     -3.158   0.014   2.918
OE2     -3.142  -2.175   2.989
GLU-6   5 0.096607
CB      -0.938   0.007   1.209
CG      -0.226   0.128   2.546
CD      -1.185   0.112   3.720
OE1     -2.412   0.113   3.487
OE2     -0.712   0.102   4.877
GLU-7   5 0.068745
CB      -0.917  -0.022   1.229
CG      -1.910   1.124   1.331
CD      -2.904   1.142   0.181
OE1     -3.191   0.074  -0.388
OE2     -3.399   2.231  -0.156
GLU-8   5 0.028005
CB      -0.906   0.032   1.238
CG      -1.954  -1.057   1.267
CD      -1.448  -2.355   1.868
OE1     -0.278  -2.420   2.291
OE2     -2.236  -3.317   1.926
GLU-9   5 0.015525
CB      -0.942  -0.006   1.205
CG      -2.092   0.965   1.065
CD      -1.787   2.318   1.677
OE1     -0.776   2.427   2.380
OE2     -2.561   3.271   1.460
GLU-10  5 0.012751
CB      -0.958   0.007   1.198
CG      -0.288   0.189   2.557
CD       0.191  -1.116   3.198
OE1      0.106  -2.193   2.577
OE2      0.668  -1.055   4.344
PHE-1   7 0.325835
CB      -0.899   0.050   1.236
CG      -1.817  -1.123   1.349
CD1     -1.532  -2.166   2.211
CE1     -2.383  -3.268   2.303
CZ      -3.516  -3.322   1.551
CE2     -3.814  -2.293   0.684
CD2     -2.966  -1.191   0.587
PHE-2   7 0.252830
CB      -0.924   0.042   1.232
CG      -2.043  -0.949   1.190
CD1     -1.871  -2.237   1.655
CE1     -2.912  -3.158   1.608
CZ      -4.117  -2.796   1.081
CE2     -4.292  -1.505   0.599
CD2     -3.259  -0.602   0.655
PHE-3   7 0.171371
CB      -0.995   0.025   1.183
CG      -0.345   0.051   2.526
CD1     -0.076   1.245   3.170
CE1      0.541   1.258   4.401
CZ       0.893   0.069   5.006
CE2      0.637  -1.123   4.362
CD2      0.028  -1.134   3.146
PHE-4   7 0.157234
CB      -0.889  -0.014   1.260
CG      -1.777   1.191   1.385
CD1     -2.806   1.433   0.516
CE1     -3.587   2.565   0.606
CZ      -3.363   3.497   1.595
CE2     -2.353   3.276   2.480
CD2     -1.554   2.137   2.388
PHE-5   7 0.092730
CB      -0.895  -0.007   1.223
CG      -2.004   0.994   1.164
CD1     -3.188   0.692   0.538
CE1     -4.217   1.612   0.487
CZ      -4.066   2.847   1.074
CE2     -2.896   3.162   1.702
CD2     -1.870   2.241   1.755
HIS-1   6 0.293884
CB      -0.895   0.021   1.242
CG      -1.860  -1.117   1.307
ND1     -3.026  -1.150   0.570
CE1     -3.661  -2.283   0.805
NE2     -2.948  -2.988   1.666
CD2     -1.820  -2.282   1.996
HIS-2   6 0.204175
CB      -0.937   0.038   1.206
CG      -1.937  -1.052   1.221
ND1     -1.845  -2.149   2.044
CE1     -2.878  -2.948   1.820
NE2     -3.628  -2.405   0.884
CD2     -3.059  -1.233   0.484
HIS-3   6 0.197061
CB      -0.859  -0.008   1.240
CG      -1.913   1.052   1.238
ND1     -1.827   2.200   1.992
CE1     -2.901   2.936   1.768
NE2     -3.678   2.305   0.914
CD2     -3.075   1.126   0.561
HIS-4   6 0.158078
CB      -0.874  -0.011   1.263
CG      -1.841   1.130   1.303
ND1     -2.956   1.178   0.534
CE1     -3.615   2.279   0.748
NE2     -2.945   2.996   1.602
CD2     -1.820   2.298   1.951
HIS-5   6 0.146802
CB      -1.004  -0.026   1.171
CG      -0.379   0.042   2.533
ND1      0.917  -0.355   2.790
CE1      1.182  -0.182   4.072
NE2      0.101   0.297   4.662
CD2     -0.890   0.442   3.722
ILE-1   4 0.575816
CB      -0.913   0.027   1.236
CG1     -1.823  -1.204   1.219
CD1     -2.623  -1.393   2.489
CG2     -1.740   1.313   1.250
ILE-2   4 0.181670
CB      -0.901   0.042   1.246
CG1     -1.764  -1.223   1.349
CD1     -2.691  -1.460   0.182
CG2     -1.761   1.305   1.252
ILE-3   4 0.132020
CB      -0.964   0.047   1.203
CG1     -0.181   0.055   2.518
CD1     -1.026   0.375   3.730
CG2     -1.937  -1.123   1.153
ILE-4   4 0.085839
CB      -0.980   0.003   1.188
CG1     -1.923   1.212   1.102
CD1     -3.225   0.999   1.790
CG2     -0.238  -0.004   2.537
ILE-5   4 0.024655
CB      -0.940   0.039   1.235
CG1     -1.857  -1.178   1.239
CD1     -1.346  -2.297   2.002
CG2     -1.800   1.301   1.231
LYS-1   5 0.188678
CB      -0.892   0.002   1.240
CG      -1.918  -1.114   1.237
CD      -2.843  -1.014   2.439
CE      -3.840  -2.159   2.455
NZ      -4.719  -2.073   3.650
LYS-2   5 0.183987
CB      -0.914  -0.012   1.215
CG      -1.841   1.158   1.281
CD      -2.805   1.067   2.436
CE      -3.607   2.359   2.474
NZ      -4.641   2.298   3.498
LYS-3   5 0.147062
CB      -0.871   0.052   1.259
CG      -1.874  -1.085   1.416
CD      -2.874  -1.085   0.324
CE      -3.812  -2.267   0.540
NZ      -4.772  -2.487  -0.556
LYS-4   5 0.105698
CB      -0.925   0.001   1.222
CG      -1.901  -1.155   1.220
CD      -2.700  -1.155   2.530
CE      -4.066  -1.789   2.366
NZ      -3.978  -3.121   1.776
LYS-5   5 0.084974
CB      -0.926   0.040   1.176
CG      -0.213  -0.001   2.457
CD      -1.259   0.202   3.526
CE      -0.571   0.126   4.826
NZ      -1.419   0.358   6.030
LYS-6   5 0.069778
CB      -0.898  -0.023   1.242
CG      -1.918  -1.099   1.218
CD      -2.709  -1.212   2.472
CE      -1.935  -1.833   3.613
NZ      -2.721  -1.958   4.823
LYS-7   5 0.059408
CB      -0.953  -0.038   1.202
CG      -1.950  -1.194   1.126
CD      -2.926  -1.185   2.260
CE      -3.799   0.050   2.191
NZ      -4.863   0.011   3.234
LYS-8   5 0.053930
CB      -0.865   0.016   1.258
CG      -1.897   1.093   1.256
CD      -2.678   1.114   2.552
CE      -1.927   1.713   3.682
NZ      -2.835   1.900   4.849
LYS-9   5 0.054801
CB      -0.835  -0.048   1.269
CG      -1.771   1.107   1.449
CD      -2.788   1.194   0.339
CE      -3.887   2.157   0.733
NZ      -4.818   2.500  -0.372
LYS-10  5 0.051685
CB      -0.953  -0.020   1.201
CG      -1.967   1.054   1.140
CD      -2.879   1.091   2.378
CE      -3.752  -0.015   2.396
NZ      -4.890   0.283   3.341
LEU-1   4 0.553609
CB      -0.910   0.020   1.228
CG      -1.899  -1.138   1.360
CD1     -2.636  -1.023   2.680
CD2     -2.870  -1.123   0.184
LEU-2   4 0.316877
CB      -0.889   0.003   1.247
CG      -1.846   1.190   1.399
CD1     -2.868   1.183   0.271
CD2     -2.538   1.124   2.751
LEU-3   4 0.064518
CB      -0.886   0.049   1.254
CG      -2.166  -0.795   1.186
CD1     -1.862  -2.205   1.010
CD2     -2.909  -0.666   2.400
LEU-4   4 0.040951
CB      -0.860   0.004   1.261
CG      -2.111   0.905   1.277
CD1     -2.953   0.624   2.485
CD2     -1.722   2.336   1.292
LEU-5   4 0.024044
CB      -1.005   0.020   1.162
CG      -0.383  -0.055   2.535
CD1     -0.504   1.288   3.271
CD2     -1.000  -1.127   3.379
MET-1   4 0.145692
CB      -0.898   0.027   1.247
CG      -1.873  -1.121   1.263
SD      -2.927  -1.069   2.737
CE      -3.970   0.332   2.383
MET-2   4 0.134115
CB      -0.931   0.033   1.208
CG      -1.978   1.160   1.134
SD      -3.064   1.180   2.558
CE      -2.097   1.907   3.719
MET-3   4 0.132218
CB      -0.888   0.024   1.244
CG      -1.832  -1.147   1.358
SD      -2.967  -1.191  -0.029
CE      -4.041   0.172   0.387
MET-4   4 0.127451
CB      -0.896  -0.011   1.236
CG      -1.928  -1.110   1.187
SD      -2.939  -1.085   2.634
CE      -1.867  -1.762   3.733
MET-5   4 0.125116
CB      -0.897  -0.003   1.236
CG      -1.884   1.142   1.230
SD      -2.942   1.236   2.669
CE      -3.814   0.087   2.243
MET-6   4 0.080848
CB      -0.903   0.020   1.220
CG      -1.912  -1.066   1.227
SD      -2.916  -0.986   2.738
CE      -3.989  -2.345   2.410
MET-7   4 0.079048
CB      -0.894   0.012   1.253
CG      -1.899   1.165   1.331
SD      -2.966   1.182  -0.144
CE      -4.315   0.451   0.264
MET-8   4 0.060661
CB      -0.950  -0.054   1.188
CG      -0.270   0.273   2.488
SD      -1.387   0.113   3.890
CE      -1.437  -1.630   4.152
MET-9   4 0.056818
CB      -0.886   0.037   1.239
CG      -1.866  -1.103   1.332
SD      -3.174  -0.840   0.163
CE      -3.299  -2.503  -0.497
MET-10  4 0.058034
CB      -0.926   0.008   1.217
CG      -0.203   0.125   2.535
SD      -1.350   0.084   3.920
CE      -1.834   1.762   4.025
ASN-1   4 0.322140
CB      -0.926  -0.005   1.216
CG      -1.943   1.116   1.214
OD1     -2.045   1.877   0.262
ND2     -2.732   1.200   2.264
ASN-2   4 0.294837
CB      -0.919   0.029   1.219
CG      -1.940  -1.082   1.197
OD1     -2.594  -1.322   0.190
ND2     -2.054  -1.794   2.299
ASN-3   4 0.165637
CB      -0.987  -0.005   1.158
CG      -0.317   0.023   2.527
OD1      0.753   0.569   2.720
ND2     -0.991  -0.534   3.495
ASN-4   4 0.127114
CB      -0.921  -0.021   1.225
CG      -1.896   1.135   1.248
OD1     -1.598   2.196   1.783
ND2     -3.071   0.932   0.670
ASN-5   4 0.090272
CB      -0.898   0.051   1.244
CG      -1.928  -1.055   1.262
OD1     -1.920  -1.922   2.134
ND2     -2.791  -1.059   0.265
PRO-1   3 0.497576
CB      -0.796  -0.116   1.304
CG      -0.791  -1.563   1.619
CD       0.536  -2.076   1.150
PRO-2   3 0.502424
CB      -0.801  -0.117   1.296
CG       0.046  -0.970   2.183
CD       0.760  -1.930   1.284
GLN-1   5 0.181407
CB      -0.909   0.016   1.225
CG      -1.876  -1.144   1.257
CD      -2.815  -1.074   2.437
OE1     -2.385  -0.936   3.580
NE2     -4.107  -1.167   2.165
GLN-2   5 0.149811
CB      -0.891  -0.018   1.242
CG      -1.892  -1.160   1.324
CD      -2.892  -1.136   0.222
OE1     -3.414  -0.086  -0.162
NE2     -3.192  -2.295  -0.319
GLN-3   5 0.136154
CB      -0.918   0.009   1.216
CG      -1.895  -1.148   1.237
CD      -2.849  -1.075   2.406
OE1     -3.650  -0.152   2.504
NE2     -2.771  -2.045   3.303
GLN-4   5 0.134796
CB      -0.880   0.009   1.243
CG      -1.852   1.173   1.262
CD      -2.812   1.089   2.426
OE1     -2.405   0.820   3.560
NE2     -4.089   1.327   2.158
GLN-5   5 0.108134
CB      -0.919   0.005   1.207
CG      -1.917   1.166   1.217
CD      -2.832   1.110   2.430
OE1     -3.573   0.136   2.595
NE2     -2.758   2.091   3.313
GLN-6   5 0.109440
CB      -0.978  -0.082   1.164
CG      -0.219   0.086   2.501
CD      -1.140  -0.173   3.685
OE1     -2.171  -0.721   3.590
NE2     -0.688   0.210   4.847
GLN-7   5 0.084241
CB      -0.930  -0.020   1.219
CG      -1.883   1.165   1.331
CD      -2.928   1.201   0.231
OE1     -3.340   0.165  -0.290
NE2     -3.364   2.401  -0.122
GLN-8   5 0.049197
CB      -0.898   0.012   1.256
CG      -1.859  -1.156   1.376
CD      -2.899  -1.127   0.266
OE1     -2.977  -1.997  -0.560
NE2     -3.643  -0.100   0.238
GLN-9   5 0.030552
CB      -0.843   0.057   1.259
CG      -1.824  -1.050   1.366
CD      -1.267  -2.344   1.902
OE1     -0.195  -2.389   2.503
NE2     -2.021  -3.424   1.699
GLN-10  5 0.016268
CB      -0.914  -0.023   1.215
CG      -1.875   1.131   1.326
CD      -1.349   2.281   2.136
OE1     -0.781   2.055   3.212
NE2     -1.458   3.486   1.685
ARG-1   7 0.079123
CB      -0.934   0.001   1.209
CG      -1.892  -1.163   1.212
CD      -2.880  -1.118   2.360
NE      -3.801  -2.241   2.246
CZ      -5.008  -2.167   1.697
NH1     -5.457  -1.007   1.234
NH2     -5.770  -3.252   1.620
ARG-2   7 0.079552
CB      -0.893   0.084   1.209
CG      -1.840  -1.094   1.283
CD      -2.802  -0.920   2.388
NE      -3.738  -2.036   2.333
CZ      -4.518  -2.364   3.355
NH1     -4.488  -1.609   4.435
NH2     -5.343  -3.396   3.280
ARG-3   7 0.070777
CB      -0.928   0.044   1.220
CG      -1.929  -1.083   1.321
CD      -3.001  -0.962   0.251
NE      -4.052  -1.974   0.397
CZ      -4.075  -3.136  -0.251
NH1     -3.108  -3.451  -1.105
NH2     -5.076  -3.983  -0.054
ARG-4   7 0.067624
CB      -0.918   0.017   1.201
CG      -1.870   1.176   1.216
CD      -2.802   1.090   2.390
NE      -3.714   2.238   2.373
CZ      -4.864   2.286   3.031
NH1     -5.231   1.285   3.791
NH2     -5.616   3.368   2.932
ARG-5   7 0.069286
CB      -0.905   0.019   1.237
CG      -2.039  -1.053   1.221
CD      -2.885  -0.940   2.458
NE      -2.068  -1.194   3.628
CZ      -2.427  -0.894   4.876
NH1     -3.670  -0.492   5.130
NH2     -1.568  -1.139   5.860
ARG-6   7 0.063768
CB      -0.892   0.010   1.227
CG      -1.826  -1.171   1.268
CD      -2.763  -1.134   2.452
NE      -3.533   0.104   2.497
CZ      -4.211   0.532   3.571
NH1     -4.222  -0.183   4.693
NH2     -4.891   1.670   3.519
ARG-7   7 0.062877
CB      -0.912   0.012   1.222
CG      -1.718  -1.263   1.396
CD      -2.946  -1.003   2.238
NE      -3.612   0.220   1.801
CZ      -4.919   0.322   1.585
NH1     -5.706  -0.730   1.764
NH2     -5.442   1.475   1.187
ARG-8   7 0.056228
CB      -0.926   0.016   1.216
CG      -1.888  -1.138   1.233
CD      -2.728  -1.120   2.477
NE      -3.762  -2.142   2.436
CZ      -3.611  -3.377   2.897
NH1     -2.460  -3.743   3.437
NH2     -4.613  -4.243   2.814
ARG-9   7 0.048242
CB      -0.910   0.017   1.223
CG      -1.800   1.257   1.290
CD      -2.895   1.060   2.310
NE      -3.653  -0.160   2.052
CZ      -4.939  -0.187   1.716
NH1     -5.618   0.947   1.593
NH2     -5.549  -1.347   1.507
ARG-10  7 0.046511
CB      -0.906   0.034   1.232
CG      -1.753   1.305   1.324
CD      -2.725   1.222   2.483
NE      -3.605   0.070   2.332
CZ      -4.219  -0.538   3.339
NH1     -4.052  -0.104   4.580
NH2     -4.983  -1.594   3.102
ARG-11  7 0.041524
CB      -0.948   0.016   1.201
CG      -0.234   0.036   2.538
CD      -1.203   0.094   3.697
NE      -0.492   0.202   4.967
CZ      -0.542  -0.709   5.933
NH1     -1.274  -1.806   5.782
NH2      0.153  -0.526   7.050
ARG-12  7 0.045517
CB      -0.929   0.016   1.204
CG      -1.715   1.299   1.373
CD      -2.777   1.119   2.453
NE      -3.694   2.252   2.516
CZ      -3.513   3.325   3.272
NH1     -2.437   3.431   4.045
NH2     -4.406   4.303   3.242
ARG-13  7 0.040513
CB      -0.945  -0.015   1.194
CG      -1.916  -1.168   1.167
CD      -2.847  -1.110   2.338
NE      -2.126  -1.230   3.596
CZ      -1.957  -2.380   4.226
NH1     -2.470  -3.478   3.706
NH2     -1.292  -2.434   5.369
ARG-14  7 0.042569
CB      -0.907   0.008   1.250
CG      -1.869   1.195   1.257
CD      -2.871   1.155   2.389
NE      -2.182   1.219   3.662
CZ      -2.691   0.828   4.833
NH1     -3.897   0.288   4.902
NH2     -1.965   0.937   5.937
ARG-15  7 0.039005
CB      -0.943   0.012   1.203
CG      -0.237   0.114   2.530
CD      -1.293   0.102   3.699
NE      -0.561   0.141   4.938
CZ      -0.079   1.250   5.479
NH1     -0.368   2.410   4.970
NH2      0.617   1.185   6.619
ARG-16  7 0.034086
CB      -0.930   0.012   1.219
CG      -1.755  -1.256   1.401
CD      -2.788  -1.433   0.300
NE      -3.885  -0.477   0.415
CZ      -4.804  -0.272  -0.524
NH1     -4.762  -0.949  -1.665
NH2     -5.765   0.621  -0.323
ARG-17  7 0.034155
CB      -0.918   0.000   1.227
CG      -1.927   1.138   1.282
CD      -2.797   1.030   2.526
NE      -2.002   1.155   3.747
CZ      -1.719   2.305   4.352
NH1     -2.168   3.458   3.865
NH2     -0.977   2.304   5.450
ARG-18  7 0.031036
CB      -0.862  -0.004   1.277
CG      -1.668   1.259   1.526
CD      -3.003   1.140   0.855
NE      -3.855   2.260   1.242
CZ      -4.964   2.593   0.586
NH1     -5.325   1.881  -0.478
NH2     -5.675   3.662   0.977
ARG-19  7 0.023992
CB      -0.958   0.027   1.176
CG      -0.261   0.140   2.548
CD      -1.144  -0.216   3.708
NE      -1.529  -1.606   3.667
CZ      -2.220  -2.211   4.629
NH1     -2.611  -1.559   5.701
NH2     -2.578  -3.483   4.488
ARG-20  7 0.023615
CB      -0.920   0.002   1.203
CG      -0.137  -0.072   2.489
CD      -1.063  -0.063   3.663
NE      -1.844   1.166   3.630
CZ      -2.708   1.508   4.567
NH1     -2.828   0.730   5.612
NH2     -3.393   2.637   4.482
SER-1   2 0.430980
CB      -0.933   0.013   1.208
OG      -0.195   0.158   2.403
SER-2   2 0.334964
CB      -0.902   0.001   1.232
OG      -1.674   1.177   1.278
SER-3   2 0.234056
CB      -0.903   0.026   1.231
OG      -1.802  -1.062   1.215
THR-1   3 0.454587
CB      -0.937   0.054   1.226
OG1     -0.144   0.121   2.414
CG2     -1.829  -1.184   1.290
THR-2   3 0.412202
CB      -0.919   0.016   1.235
OG1     -1.737  -1.159   1.228
CG2     -1.815   1.251   1.239
THR-3   3 0.133211
CB      -0.977   0.001   1.214
OG1     -1.871   1.113   1.112
CG2     -0.222   0.093   2.520
VAL-1   3 0.723614
CB       0.089   0.658   1.645
CG1     -1.098   1.625   1.624
CG2     -0.255  -0.647   2.341
VAL-2   3 0.193173
CB      -0.972   0.040   1.215
CG1     -1.927  -1.143   1.165
CG2     -0.203   0.070   2.525
VAL-3   3 0.083213
CB      -0.970  -0.003   1.198
CG1     -0.244   0.004   2.527
CG2     -1.931   1.148   1.127
TRP-1  10 0.185769
CB      -0.895   0.013   1.268
CG      -1.989  -1.017   1.194
CD1     -1.972  -2.268   1.713
NE1     -3.157  -2.914   1.436
CE2     -3.968  -2.078   0.717
CZ2     -5.253  -2.280   0.216
CH2     -5.821  -1.255  -0.491
CZ3     -5.147  -0.033  -0.680
CE3     -3.874   0.161  -0.169
CD2     -3.254  -0.861   0.533
TRP-2  10 0.132013
CB      -0.882   0.006   1.220
CG      -1.828   1.101   1.252
CD1     -1.729   2.219   1.968
NE1     -2.824   3.009   1.767
CE2     -3.666   2.381   0.884
CZ2     -4.873   2.806   0.322
CH2     -5.495   1.952  -0.543
CZ3     -4.918   0.722  -0.888
CE3     -3.704   0.322  -0.350
CD2     -3.053   1.173   0.530
TRP-3  10 0.116762
CB      -0.926   0.027   1.216
CG      -1.787  -1.179   1.348
CD1     -1.577  -2.249   2.165
NE1     -2.591  -3.167   2.016
CE2     -3.478  -2.698   1.084
CZ2     -4.658  -3.269   0.595
CH2     -5.358  -2.563  -0.349
CZ3     -4.911  -1.310  -0.815
CE3     -3.736  -0.743  -0.328
CD2     -3.002  -1.444   0.640
TRP-4  10 0.093059
CB      -0.867  -0.020   1.239
CG      -1.889  -1.044   1.283
CD1     -2.199  -1.975   0.312
NE1     -3.278  -2.730   0.736
CE2     -3.659  -2.314   1.983
CZ2     -4.700  -2.752   2.787
CH2     -4.887  -2.115   3.977
CZ3     -4.052  -1.057   4.396
CE3     -3.051  -0.586   3.577
CD2     -2.844  -1.221   2.336
TRP-5  10 0.087359
CB      -0.888   0.013   1.247
CG      -1.818   1.165   1.326
CD1     -3.010   1.308   0.679
NE1     -3.587   2.511   1.003
CE2     -2.771   3.170   1.884
CZ2     -2.931   4.407   2.509
CH2     -1.947   4.814   3.358
CZ3     -0.822   4.036   3.597
CE3     -0.656   2.802   2.983
CD2     -1.648   2.348   2.113
TRP-6  10 0.086409
CB      -0.887   0.014   1.241
CG      -1.901  -1.075   1.293
CD1     -1.672  -2.412   1.441
NE1     -2.866  -3.097   1.458
CE2     -3.891  -2.198   1.326
CZ2     -5.262  -2.404   1.290
CH2     -6.060  -1.303   1.147
CZ3     -5.520  -0.016   1.044
CE3     -4.162   0.189   1.081
CD2     -3.319  -0.915   1.223
TRP-7  10 0.084758
CB      -0.949   0.016   1.201
CG      -0.287  -0.055   2.538
CD1      0.087  -1.182   3.202
NE1      0.638  -0.854   4.408
CE2      0.623   0.504   4.556
CZ2      1.046   1.302   5.608
CH2      0.908   2.650   5.476
CZ3      0.331   3.219   4.328
CE3     -0.094   2.431   3.291
CD2      0.040   1.042   3.395
TRP-8  10 0.077158
CB      -0.957   0.029   1.184
CG      -0.351   0.074   2.524
CD1     -0.085   1.194   3.272
NE1      0.417   0.839   4.498
CE2      0.474  -0.528   4.572
CZ2      0.923  -1.357   5.611
CH2      0.867  -2.709   5.405
CZ3      0.382  -3.249   4.206
CE3     -0.054  -2.426   3.163
CD2     -0.010  -1.042   3.345
TRP-9  10 0.074357
CB      -0.907   0.039   1.222
CG      -1.943  -1.028   1.244
CD1     -3.196  -0.958   0.708
NE1     -3.884  -2.133   0.958
CE2     -3.068  -2.975   1.666
CZ2     -3.308  -4.260   2.149
CH2     -2.299  -4.878   2.842
CZ3     -1.068  -4.237   3.073
CE3     -0.827  -2.956   2.587
CD2     -1.837  -2.308   1.869
TRP-10 10 0.062356
CB      -0.916  -0.037   1.223
CG      -1.944   1.051   1.300
CD1     -2.417   1.831   0.286
NE1     -3.365   2.710   0.773
CE2     -3.513   2.500   2.121
CZ2     -4.394   3.087   3.039
CH2     -4.361   2.618   4.334
CZ3     -3.506   1.578   4.717
CE3     -2.642   0.993   3.805
CD2     -2.671   1.423   2.472
TYR-1   8 0.324843
CB      -0.888   0.030   1.249
CG      -1.797  -1.159   1.363
CD1     -1.479  -2.221   2.198
CE1     -2.315  -3.314   2.302
CZ      -3.474  -3.353   1.556
OH      -4.309  -4.434   1.649
CE2     -3.808  -2.311   0.722
CD2     -2.973  -1.226   0.627
TYR-2   8 0.232915
CB      -0.906   0.033   1.225
CG      -2.045  -0.959   1.144
CD1     -1.913  -2.234   1.646
CE1     -2.952  -3.150   1.551
CZ      -4.144  -2.769   0.975
OH      -5.203  -3.659   0.900
CE2     -4.299  -1.486   0.492
CD2     -3.263  -0.591   0.584
TYR-3   8 0.173610
CB      -0.908  -0.005   1.225
CG      -1.736   1.250   1.377
CD1     -2.823   1.488   0.543
CE1     -3.584   2.628   0.675
CZ      -3.254   3.561   1.644
OH      -3.995   4.714   1.820
CE2     -2.187   3.341   2.486
CD2     -1.433   2.201   2.345
TYR-4   8 0.162245
CB      -0.984   0.029   1.176
CG      -0.358   0.077   2.549
CD1     -0.028   1.283   3.159
CE1      0.597   1.297   4.403
CZ       0.926   0.120   5.005
OH       1.566   0.149   6.244
CE2      0.668  -1.076   4.386
CD2      0.038  -1.091   3.181
TYR-5   8 0.106387
CB      -0.923  -0.026   1.219
CG      -2.032   0.989   1.170
CD1     -3.204   0.729   0.483
CE1     -4.230   1.654   0.447
CZ      -4.090   2.864   1.117
OH      -5.110   3.793   1.084
CE2     -2.930   3.148   1.802
CD2     -1.908   2.213   1.833
