ALA-1    1 1.0000
CB  -0.932  0.066  1.200
CYS-1    2 0.5488
CB  -0.893  0.081  1.236
SG  -2.070 -1.250  1.418
CYS-2    2 0.2677
CB  -0.948 -0.020  1.192
SG  -2.261  1.184  1.094
CYS-3    2 0.1835
CB  -0.978  0.001  1.164
SG  -0.224  0.373  2.736
ASP-1    4 0.0259
CB  -1.031  0.001  1.143
CG  -0.404  0.088  2.514
OD1 -0.933  0.812  3.376
OD2  0.611 -0.565  2.752
ASP-2    4 0.0113
CB  -0.996  0.023  1.162
CG  -0.367 -0.292  2.486
OD1  0.525  0.416  2.890
OD2 -0.789 -1.259  3.129
ASP-3    4 0.0424
CB  -1.016 -0.058  1.148
CG  -0.392 -0.083  2.516
OD1  0.699  0.456  2.696
OD2 -1.024 -0.617  3.434
ASP-4    4 0.0319
CB  -0.916  0.023  1.205
CG  -0.174  0.065  2.511
OD1  0.994  0.348  2.554
OD2 -0.794 -0.175  3.515
ASP-5    4 0.0592
CB  -0.914 -0.001  1.223
CG  -1.906  1.128  1.199
OD1 -2.706  1.225  2.138
OD2 -1.878  1.923  0.247
ASP-6    4 0.0442
CB  -0.901 -0.004  1.257
CG  -2.175  0.773  1.094
OD1 -2.813  0.676  0.059
OD2 -2.553  1.483  2.042
ASP-7    4 0.0721
CB  -0.900 -0.014  1.238
CG  -1.813  1.208  1.337
OD1 -1.829  2.016  0.449
OD2 -2.502  1.339  2.317
ASP-8    4 0.0146
CB  -0.926 -0.044  1.214
CG  -1.841  1.127  1.293
OD1 -3.022  0.987  1.013
OD2 -1.376  2.193  1.657
ASP-9    4 0.0580
CB  -0.921 -0.008  1.233
CG  -1.855  1.163  1.262
OD1 -2.848  1.117  0.561
OD2 -1.605  2.125  1.979
ASP-10   4 0.0281
CB  -0.895 -0.048  1.245
CG  -1.871  1.094  1.335
OD1 -3.004  0.870  1.797
OD2 -1.501  2.221  0.982
ASP-11   4 0.0377
CB  -0.895 -0.040  1.238
CG  -2.022  0.922  1.173
OD1 -3.131  0.556  1.588
OD2 -1.825  2.039  0.733
ASP-12   4 0.0891
CB  -0.901 -0.001  1.231
CG  -1.955 -1.065  1.144
OD1 -2.215 -1.745  2.134
OD2 -2.518 -1.224  0.054
ASP-13   4 0.0312
CB  -0.961  0.011  1.182
CG  -1.874 -1.152  1.196
OD1 -1.568 -2.182  1.801
OD2 -2.919 -1.039  0.622
ASP-14   4 0.1695
CB  -0.888  0.053  1.241
CG  -1.910 -1.058  1.284
OD1 -2.444 -1.310  2.381
OD2 -2.196 -1.671  0.237
ASP-15   4 0.1741
CB  -0.933  0.038  1.199
CG  -2.050 -0.957  1.091
OD1 -2.461 -1.491  2.134
OD2 -2.533 -1.205 -0.025
ASP-16   4 0.0239
CB  -0.947  0.082  1.202
CG  -2.022 -0.991  1.259
OD1 -2.073 -1.900  0.534
OD2 -2.859 -0.930  2.186
ASP-17   4 0.0087
CB  -0.903 -0.042  1.207
CG  -1.997 -1.068  1.064
OD1 -1.691 -2.219  1.122
OD2 -3.146 -0.723  0.887
ASP-18   4 0.0123
CB  -1.050  0.024  1.119
CG  -0.469 -0.171  2.495
OD1 -0.973  0.471  3.440
OD2  0.465 -0.969  2.659
ASP-19   4 0.0191
CB  -0.852  0.039  1.233
CG  -2.193 -0.589  1.027
OD1 -2.310 -1.511  0.218
OD2 -3.136 -0.164  1.680
ASP-20   4 0.0440
CB  -1.031 -0.016  1.141
CG  -0.395 -0.073  2.497
OD1 -1.123  0.108  3.495
OD2  0.815 -0.305  2.607
GLU-1    5 0.0100
CB  -0.919  0.009  1.213
CG  -2.067 -0.970  1.107
CD  -1.720 -2.395  1.498
OE1 -2.660 -3.195  1.618
OE2 -0.527 -2.740  1.676
GLU-2    5 0.0103
CB  -0.925  0.038  1.241
CG  -1.958 -1.061  1.302
CD  -1.531 -2.241  2.136
OE1 -2.434 -2.893  2.711
OE2 -0.316 -2.526  2.214
GLU-3    5 0.0317
CB  -1.033 -0.043  1.094
CG  -2.057 -1.121  0.746
CD  -3.070 -1.367  1.811
OE1 -4.026 -2.096  1.519
OE2 -2.932 -0.847  2.874
GLU-4    5 0.1255
CB  -0.980  0.033  1.189
CG  -2.058 -1.008  1.121
CD  -2.866 -1.131  2.380
OE1 -4.039 -1.494  2.273
OE2 -2.314 -0.907  3.451
GLU-5    5 0.0308
CB  -0.944 -0.021  1.201
CG  -1.985 -1.134  1.096
CD  -2.776 -1.329  2.365
OE1 -3.976 -1.328  2.315
OE2 -2.176 -1.456  3.438
GLU-6    5 0.0189
CB  -0.963  0.042  1.187
CG  -2.044 -0.956  1.045
CD  -3.271 -0.529  1.742
OE1 -4.040  0.225  1.126
OE2 -3.453 -0.878  2.909
GLU-7    5 0.0302
CB  -0.864  0.099  1.275
CG  -1.473 -1.152  1.734
CD  -2.454 -0.923  2.859
OE1 -3.353 -0.077  2.702
OE2 -2.328 -1.563  3.893
GLU-8    5 0.0324
CB  -0.905  0.027  1.226
CG  -2.235 -0.582  0.967
CD  -3.090 -0.667  2.199
OE1 -2.945  0.187  3.071
OE2 -3.898 -1.587  2.292
GLU-9    5 0.0819
CB  -0.980  0.062  1.177
CG  -2.116 -0.846  0.977
CD  -2.940 -1.041  2.187
OE1 -2.763 -0.392  3.166
OE2 -3.765 -1.888  2.124
GLU-10   5 0.0079
CB  -0.954  0.053  1.184
CG  -2.020 -1.031  1.163
CD  -1.560 -2.347  1.754
OE1 -0.447 -2.442  2.328
OE2 -2.311 -3.311  1.621
GLU-11   5 0.0225
CB  -0.952  0.033  1.209
CG  -2.026 -1.024  1.149
CD  -1.536 -2.410  1.539
OE1 -0.581 -2.531  2.334
OE2 -2.114 -3.396  1.047
GLU-12   5 0.0509
CB  -0.924 -0.037  1.219
CG  -1.767  1.181  1.406
CD  -2.716  1.054  2.568
OE1 -2.319  0.693  3.677
OE2 -3.882  1.302  2.338
GLU-13   5 0.0246
CB  -0.909 -0.028  1.231
CG  -1.925  1.095  1.353
CD  -2.689  0.973  2.607
OE1 -2.253  1.517  3.628
OE2 -3.746  0.321  2.590
GLU-14   5 0.0175
CB  -0.966 -0.089  1.163
CG  -1.948  1.057  1.248
CD  -3.029  0.903  2.210
OE1 -3.050 -0.050  2.981
OE2 -3.940  1.738  2.307
GLU-15   5 0.0307
CB  -0.991 -0.009  1.181
CG  -1.826  1.245  1.230
CD  -3.021  1.129  2.125
OE1 -2.961  0.389  3.117
OE2 -4.016  1.825  1.853
GLU-16   5 0.0066
CB  -1.026 -0.004  1.143
CG  -0.423  0.221  2.514
CD   0.023 -1.055  3.197
OE1  0.057 -2.113  2.546
OE2  0.323 -1.006  4.403
GLU-17   5 0.0056
CB  -0.941  0.020  1.210
CG  -0.236 -0.193  2.528
CD  -0.282 -1.637  2.999
OE1  0.046 -2.552  2.209
OE2 -0.648 -1.854  4.176
GLU-18   5 0.0053
CB  -1.034 -0.001  1.148
CG  -0.481  0.100  2.532
CD  -0.093 -1.203  3.119
OE1  0.492 -1.172  4.215
OE2 -0.382 -2.256  2.501
GLU-19   5 0.0214
CB  -0.942  0.018  1.194
CG  -2.077  1.004  1.018
CD  -3.008  1.044  2.211
OE1 -3.858  1.939  2.253
OE2 -2.888  0.183  3.101
GLU-20   5 0.0245
CB  -0.904  0.018  1.229
CG  -1.865  1.188  1.318
CD  -2.866  1.036  2.442
OE1 -2.924  1.872  3.254
OE2 -3.552  0.056  2.472
GLU-21   5 0.0569
CB  -0.916 -0.004  1.220
CG  -1.919  1.146  1.203
CD  -2.859  1.111  2.371
OE1 -3.350  2.163  2.758
OE2 -3.158  0.023  2.886
GLU-22   5 0.0060
CB  -0.949 -0.051  1.188
CG  -2.175  0.840  1.107
CD  -1.933  2.220  1.606
OE1 -2.625  3.127  1.128
OE2 -1.051  2.444  2.452
GLU-23   5 0.0060
CB  -0.897 -0.052  1.232
CG  -1.942  1.006  1.294
CD  -1.448  2.247  1.972
OE1 -2.101  3.285  1.831
OE2 -0.395  2.191  2.636
GLU-24   5 0.0187
CB  -0.938 -0.051  1.217
CG  -1.857  1.119  1.378
CD  -3.173  0.988  0.701
OE1 -3.512 -0.106  0.230
OE2 -3.884  1.989  0.641
GLU-25   5 0.0247
CB  -1.115 -0.005  1.200
CG  -2.116  1.092  1.241
CD  -3.344  0.725  0.481
OE1 -3.830 -0.353  0.662
OE2 -3.833  1.535 -0.303
GLU-26   5 0.0104
CB  -0.842  0.023  1.253
CG  -1.720 -1.185  1.444
CD  -2.935 -1.248  0.594
OE1 -3.029 -0.500 -0.358
OE2 -3.815 -2.082  0.873
GLU-27   5 0.0167
CB  -0.831 -0.124  1.287
CG  -1.411  1.165  1.770
CD  -2.400  1.757  0.821
OE1 -3.068  1.035  0.072
OE2 -2.492  2.970  0.822
GLU-28   5 0.0095
CB  -0.931  0.037  1.200
CG  -2.080 -0.935  1.094
CD  -3.286 -0.340  0.459
OE1 -3.174  0.559 -0.382
OE2 -4.364 -0.807  0.807
GLU-29   5 0.0083
CB  -0.917 -0.019  1.226
CG  -1.484  1.322  1.610
CD  -2.693  1.695  0.799
OE1 -3.754  1.935  1.411
OE2 -2.582  1.749 -0.444
GLU-30   5 0.0236
CB  -0.911  0.006  1.209
CG  -1.953  1.065  1.138
CD  -2.703  0.950 -0.145
OE1 -3.611  0.114 -0.222
OE2 -2.362  1.672 -1.082
GLU-31   5 0.0277
CB  -0.958 -0.020  1.169
CG  -1.901 -1.191  1.104
CD  -2.654 -1.224 -0.202
OE1 -2.596 -2.272 -0.865
OE2 -3.231 -0.223 -0.607
GLU-32   5 0.0882
CB  -0.967  0.009  1.161
CG  -1.929 -1.127  1.180
CD  -2.849 -1.132 -0.006
OE1 -3.251 -2.217 -0.420
OE2 -3.178 -0.065 -0.552
GLU-33   5 0.0134
CB  -0.802  0.034  1.235
CG  -1.800 -1.044  1.274
CD  -3.003 -0.673  0.559
OE1 -3.084 -1.065 -0.597
OE2 -3.876  0.013  1.133
GLU-34   5 0.0073
CB  -0.965 -0.021  1.163
CG  -2.349 -0.520  0.835
CD  -3.149  0.449 -0.020
OE1 -4.199  0.039 -0.511
OE2 -2.714  1.594 -0.201
GLU-35   5 0.0099
CB  -0.994  0.037  1.156
CG  -0.364 -0.029  2.496
CD  -1.340  0.062  3.647
OE1 -2.527  0.039  3.413
OE2 -0.913  0.157  4.769
GLU-36   5 0.0101
CB  -0.992  0.002  1.153
CG  -0.346 -0.001  2.511
CD  -1.350  0.257  3.624
OE1 -2.389 -0.418  3.653
OE2 -1.089  1.138  4.458
GLU-37   5 0.0051
CB  -0.913 -0.009  1.203
CG  -0.191  0.178  2.502
CD  -0.918 -0.431  3.690
OE1 -1.641 -1.411  3.528
OE2 -0.752  0.086  4.803
GLU-38   5 0.0110
CB  -0.990  0.026  1.165
CG  -0.342  0.136  2.520
CD  -1.363  0.279  3.629
OE1 -1.367 -0.512  4.586
OE2 -2.169  1.181  3.500
GLU-39   5 0.0108
CB  -0.995 -0.057  1.179
CG  -0.385  0.128  2.533
CD  -1.446 -0.026  3.613
OE1 -1.627 -1.120  4.105
OE2 -1.992  0.965  3.995
GLU-40   5 0.0090
CB  -0.956 -0.022  1.168
CG  -0.276  0.052  2.512
CD  -1.183 -0.275  3.651
OE1 -0.670 -0.426  4.767
OE2 -2.396 -0.406  3.451
PHE-1    7 0.0283
CB  -0.944  0.009  1.203
CG  -1.813  1.232  1.280
CD1 -2.993  1.307  0.557
CE1 -3.791  2.436  0.619
CZ  -3.411  3.507  1.405
CE2 -2.237  3.445  2.130
CD2 -1.444  2.313  2.066
PHE-2    7 0.0149
CB  -0.964  0.007  1.193
CG  -1.799  1.252  1.284
CD1 -2.990  1.358  0.581
CE1 -3.759  2.508  0.657
CZ  -3.338  3.569  1.443
CE2 -2.152  3.475  2.150
CD2 -1.390  2.322  2.067
PHE-3    7 0.0210
CB  -0.926 -0.022  1.227
CG  -1.839  1.166  1.328
CD1 -3.147  1.090  0.875
CE1 -3.996  2.182  0.976
CZ  -3.538  3.362  1.534
CE2 -2.237  3.445  1.998
CD2 -1.400  2.349  1.899
PHE-4    7 0.0278
CB  -0.955  0.015  1.196
CG  -1.800  1.253  1.273
CD1 -2.842  1.452  0.384
CE1 -3.619  2.592  0.446
CZ  -3.358  3.551  1.403
CE2 -2.319  3.367  2.295
CD2 -1.547  2.223  2.228
PHE-5    7 0.0184
CB  -0.872 -0.030  1.276
CG  -1.842  1.119  1.401
CD1 -2.801  1.351  0.441
CE1 -3.695  2.409  0.582
CZ  -3.645  3.199  1.684
CE2 -2.716  2.976  2.639
CD2 -1.813  1.943  2.502
PHE-6    7 0.0316
CB  -0.979 -0.031  1.181
CG  -0.328 -0.093  2.497
CD1  0.158  1.028  3.098
CE1  0.788  0.968  4.316
CZ   0.945 -0.236  4.936
CE2  0.456 -1.375  4.369
CD2 -0.168 -1.305  3.129
PHE-7    7 0.0101
CB  -1.030 -0.020  1.116
CG  -0.480 -0.352  2.452
CD1  0.260  0.553  3.149
CE1  0.738  0.244  4.418
CZ   0.505 -1.009  4.948
CE2 -0.195 -1.919  4.249
CD2 -0.711 -1.599  3.018
PHE-8    7 0.0149
CB  -0.918 -0.041  1.232
CG  -1.721  1.209  1.450
CD1 -3.020  1.305  0.970
CE1 -3.768  2.450  1.180
CZ  -3.226  3.513  1.879
CE2 -1.937  3.427  2.372
CD2 -1.193  2.277  2.164
PHE-9    7 0.0361
CB  -0.956  0.004  1.209
CG  -0.264  0.064  2.543
CD1 -0.191  1.246  3.249
CE1  0.438  1.297  4.461
CZ   0.995  0.171  4.993
CE2  0.936 -1.012  4.300
CD2  0.309 -1.064  3.088
PHE-10   7 0.0109
CB  -1.080  0.023  1.096
CG  -0.556 -0.106  2.490
CD1 -0.283  1.012  3.250
CE1  0.174  0.892  4.544
CZ   0.356 -0.354  5.085
CE2  0.074 -1.471  4.344
CD2 -0.388 -1.348  3.062
PHE-11   7 0.0234
CB  -0.947  0.011  1.197
CG  -1.729  1.285  1.323
CD1 -2.756  1.568  0.439
CE1 -3.468  2.747  0.535
CZ  -3.155  3.656  1.524
CE2 -2.131  3.391  2.408
CD2 -1.420  2.205  2.303
PHE-12   7 0.0080
CB  -0.980  0.032  1.210
CG  -0.379  0.493  2.474
CD1 -0.822  1.654  3.046
CE1 -0.271  2.135  4.227
CZ   0.685  1.401  4.853
CE2  1.150  0.226  4.275
CD2  0.617 -0.226  3.101
PHE-13   7 0.0192
CB  -1.010 -0.014  1.152
CG  -0.421  0.198  2.497
CD1 -0.672  1.348  3.211
CE1 -0.166  1.499  4.488
CZ   0.577  0.522  5.055
CE2  0.831 -0.606  4.373
CD2  0.324 -0.795  3.111
PHE-14   7 0.0176
CB  -0.926 -0.077  1.221
CG  -1.705  1.154  1.495
CD1 -2.475  1.761  0.515
CE1 -3.210  2.899  0.792
CZ  -3.188  3.434  2.048
CE2 -2.438  2.839  3.008
CD2 -1.705  1.710  2.746
PHE-15   7 0.0306
CB  -0.943  0.028  1.204
CG  -1.584  1.371  1.429
CD1 -2.752  1.717  0.771
CE1 -3.337  2.954  0.972
CZ  -2.754  3.864  1.835
CE2 -1.589  3.535  2.493
CD2 -1.009  2.294  2.292
PHE-16   7 0.0225
CB  -0.948  0.017  1.199
CG  -1.699  1.310  1.335
CD1 -2.819  1.559  0.559
CE1 -3.503  2.756  0.662
CZ  -3.066  3.722  1.542
CE2 -1.944  3.490  2.316
CD2 -1.266  2.291  2.211
PHE-17   7 0.0271
CB  -0.951  0.000  1.158
CG  -1.944  1.144  1.160
CD1 -2.717  1.440  0.099
CE1 -3.646  2.484  0.145
CZ  -3.761  3.215  1.281
CE2 -2.993  2.913  2.362
CD2 -2.089  1.901  2.294
PHE-18   7 0.0061
CB  -0.959  0.018  1.204
CG  -2.225  0.799  0.986
CD1 -3.435  0.257  1.268
CE1 -4.575  0.973  1.085
CZ  -4.523  2.236  0.604
CE2 -3.363  2.779  0.320
CD2 -2.206  2.084  0.527
PHE-19   7 0.0065
CB  -0.924 -0.033  1.217
CG  -2.033  0.976  1.172
CD1 -3.339  0.586  0.994
CE1 -4.346  1.515  0.965
CZ  -4.084  2.823  1.109
CE2 -2.789  3.245  1.292
CD2 -1.773  2.325  1.334
PHE-20   7 0.0102
CB  -0.944  0.010  1.206
CG  -1.873 -1.165  1.252
CD1 -1.382 -2.444  1.481
CE1 -2.231 -3.539  1.519
CZ  -3.588 -3.362  1.322
CE2 -4.093 -2.087  1.087
CD2 -3.233 -0.998  1.050
PHE-21   7 0.0398
CB  -0.941  0.002  1.205
CG  -1.967  1.089  1.162
CD1 -3.173  0.892  0.509
CE1 -4.122  1.893  0.463
CZ  -3.873  3.106  1.072
CE2 -2.674  3.316  1.726
CD2 -1.729  2.310  1.769
PHE-22   7 0.0608
CB  -0.920  0.009  1.224
CG  -1.734 -1.244  1.355
CD1 -1.289 -2.298  2.137
CE1 -2.029 -3.464  2.238
CZ  -3.216 -3.587  1.548
CE2 -3.661 -2.548  0.752
CD2 -2.917 -1.385  0.656
PHE-23   7 0.0241
CB  -0.870  0.041  1.266
CG  -1.941 -1.037  1.376
CD1 -2.180 -1.658  2.591
CE1 -3.173 -2.602  2.698
CZ  -3.927 -2.945  1.640
CE2 -3.699 -2.359  0.451
CD2 -2.717 -1.409  0.312
PHE-24   7 0.0098
CB  -0.985 -0.012  1.174
CG  -2.024  1.062  1.092
CD1 -3.274  0.786  0.564
CE1 -4.234  1.772  0.479
CZ  -3.953  3.049  0.916
CE2 -2.712  3.337  1.439
CD2 -1.754  2.344  1.529
PHE-25   7 0.0178
CB  -0.968  0.003  1.196
CG  -2.128  0.925  1.023
CD1 -3.134  0.630  0.141
CE1 -4.198  1.487 -0.029
CZ  -4.276  2.643  0.715
CE2 -3.281  2.935  1.606
CD2 -2.208  2.088  1.752
PHE-26   7 0.0240
CB  -0.960  0.013  1.201
CG  -1.864 -1.179  1.247
CD1 -1.667 -2.177  2.186
CE1 -2.488 -3.292  2.218
CZ  -3.511 -3.411  1.303
CE2 -3.710 -2.421  0.360
CD2 -2.895 -1.311  0.341
PHE-27   7 0.0238
CB  -0.986 -0.030  1.174
CG  -1.882 -1.226  1.149
CD1 -1.651 -2.303  1.985
CE1 -2.472 -3.420  1.946
CZ  -3.523 -3.468  1.055
CE2 -3.754 -2.401  0.205
CD2 -2.931 -1.290  0.252
PHE-28   7 0.0113
CB  -0.880 -0.001  1.242
CG  -2.012  0.967  1.177
CD1 -3.185  0.630  0.527
CE1 -4.235  1.518  0.463
CZ  -4.122  2.758  1.053
CE2 -2.959  3.108  1.708
CD2 -1.911  2.214  1.770
PHE-29   7 0.0455
CB  -0.950 -0.000  1.201
CG  -2.016 -1.044  1.117
CD1 -1.929 -2.209  1.860
CE1 -2.913 -3.181  1.774
CZ  -3.993 -2.987  0.937
CE2 -4.091 -1.826  0.189
CD2 -3.105 -0.862  0.282
PHE-30   7 0.0308
CB  -0.878  0.024  1.255
CG  -1.818 -1.146  1.391
CD1 -2.150 -1.614  2.646
CE1 -3.032 -2.664  2.811
CZ  -3.589 -3.274  1.727
CE2 -3.274 -2.824  0.467
CD2 -2.387 -1.763  0.303
PHE-31   7 0.0189
CB  -0.929 -0.013  1.212
CG  -2.058 -0.982  1.074
CD1 -1.849 -2.335  1.296
CE1 -2.882 -3.237  1.144
CZ  -4.125 -2.796  0.772
CE2 -4.339 -1.454  0.544
CD2 -3.306 -0.555  0.685
PHE-32   7 0.0262
CB  -0.996 -0.017  1.163
CG  -2.117 -0.996  0.968
CD1 -1.989 -2.312  1.370
CE1 -3.008 -3.210  1.177
CZ  -4.180 -2.801  0.575
CE2 -4.324 -1.493  0.176
CD2 -3.296 -0.597  0.371
PHE-33   7 0.0134
CB  -0.953 -0.011  1.195
CG  -1.873 -1.195  1.218
CD1 -1.790 -2.130  2.231
CE1 -2.637 -3.232  2.253
CZ  -3.578 -3.394  1.259
CE2 -3.671 -2.468  0.242
CD2 -2.819 -1.370  0.224
PHE-34   7 0.0570
CB  -0.902  0.034  1.231
CG  -1.917 -1.064  1.243
CD1 -1.626 -2.289  1.821
CE1 -2.568 -3.314  1.813
CZ  -3.790 -3.115  1.212
CE2 -4.085 -1.899  0.630
CD2 -3.149 -0.883  0.641
PHE-35   7 0.0161
CB  -0.989  0.040  1.156
CG  -2.203 -0.890  1.018
CD1 -2.210 -2.002  0.228
CE1 -3.319 -2.821  0.155
CZ  -4.375 -2.595  0.888
CE2 -4.432 -1.496  1.637
CD2 -3.342 -0.644  1.741
PHE-36   7 0.0119
CB  -0.977 -0.019  1.178
CG  -1.926 -1.184  1.149
CD1 -1.950 -2.104  2.182
CE1 -2.828 -3.171  2.161
CZ  -3.690 -3.330  1.094
CE2 -3.679 -2.425  0.059
CD2 -2.804 -1.353  0.089
PHE-37   7 0.0184
CB  -0.943 -0.016  1.199
CG  -1.928 -1.151  1.170
CD1 -1.871 -2.165  2.113
CE1 -2.775 -3.211  2.081
CZ  -3.747 -3.248  1.105
CE2 -3.814 -2.249  0.158
CD2 -2.908 -1.200  0.197
PHE-38   7 0.0252
CB  -0.907  0.036  1.225
CG  -2.184 -0.716  1.048
CD1 -2.179 -2.090  0.938
CE1 -3.351 -2.786  0.786
CZ  -4.545 -2.107  0.728
CE2 -4.564 -0.738  0.836
CD2 -3.390 -0.050  0.998
PHE-39   7 0.0103
CB  -0.898  0.054  1.236
CG  -2.128 -0.782  1.134
CD1 -2.358 -1.799  2.041
CE1 -3.505 -2.565  1.972
CZ  -4.439 -2.309  0.997
CE2 -4.226 -1.287  0.092
CD2 -3.075 -0.527  0.162
PHE-40   7 0.0263
CB  -0.964 -0.047  1.217
CG  -2.094 -1.024  1.081
CD1 -2.398 -1.882  2.095
CE1 -3.468 -2.764  1.961
CZ  -4.213 -2.825  0.855
CE2 -3.979 -1.919 -0.094
CD2 -2.929 -1.051 -0.001
PHE-41   7 0.0332
CB  -0.922 -0.008  1.218
CG  -1.880 -1.161  1.223
CD1 -1.497 -2.396  1.722
CE1 -2.375 -3.470  1.711
CZ  -3.644 -3.314  1.194
CE2 -4.036 -2.087  0.691
CD2 -3.154 -1.019  0.706
PHE-42   7 0.0207
CB  -0.973  0.031  1.178
CG  -2.135 -0.882  1.001
CD1 -2.179 -2.096  1.653
CE1 -3.247 -2.944  1.482
CZ  -4.285 -2.584  0.654
CE2 -4.257 -1.376 -0.001
CD2 -3.182 -0.527  0.169
PHE-43   7 0.0158
CB  -0.952 -0.005  1.197
CG  -2.031 -1.046  1.106
CD1 -1.739 -2.387  1.300
CE1 -2.729 -3.348  1.212
CZ  -4.027 -2.975  0.927
CE2 -4.332 -1.642  0.729
CD2 -3.337 -0.686  0.816
PHE-44   7 0.0212
CB  -0.944  0.019  1.203
CG  -2.198 -0.774  1.000
CD1 -2.427 -1.930  1.719
CE1 -3.586 -2.663  1.533
CZ  -4.525 -2.241  0.630
CE2 -4.312 -1.084 -0.096
CD2 -3.154 -0.352  0.096
HIS-1    6 0.0501
CB  -0.997 -0.002  1.134
CG  -0.361  0.107  2.468
ND1  0.095 -0.979  3.157
CE1  0.646 -0.592  4.280
NE2  0.555  0.712  4.344
CD2 -0.064  1.173  3.220
HIS-2    6 0.0136
CB  -1.072 -0.076  1.126
CG  -0.515  0.138  2.490
ND1  0.350 -0.740  3.069
CE1  0.687 -0.267  4.242
NE2  0.041  0.858  4.446
CD2 -0.680  1.153  3.343
HIS-3    6 0.0068
CB  -0.992 -0.084  1.152
CG  -0.421  0.253  2.500
ND1  0.762 -0.225  2.993
CE1  1.007  0.227  4.196
NE2  0.019  1.040  4.537
CD2 -0.871  1.042  3.475
HIS-4    6 0.0216
CB  -1.028 -0.001  1.161
CG  -0.440 -0.149  2.506
ND1  0.170  0.891  3.171
CE1  0.585  0.447  4.347
NE2  0.285 -0.842  4.453
CD2 -0.354 -1.229  3.315
HIS-5    6 0.0150
CB  -0.859  0.040  1.239
CG  -0.062 -0.004  2.490
ND1  0.404  1.122  3.123
CE1  1.074  0.762  4.194
NE2  1.087 -0.548  4.263
CD2  0.372 -1.050  3.218
HIS-6    6 0.0134
CB  -1.005  0.036  1.114
CG  -0.458  0.173  2.463
ND1 -0.751  1.260  3.251
CE1 -0.137  1.133  4.414
NE2  0.530 -0.011  4.412
CD2  0.315 -0.639  3.203
HIS-7    6 0.0325
CB  -0.853 -0.058  1.312
CG  -1.812  1.037  1.470
ND1 -2.158  1.540  2.683
CE1 -3.088  2.510  2.487
NE2 -3.301  2.649  1.234
CD2 -2.516  1.759  0.571
HIS-8    6 0.0276
CB  -0.897 -0.007  1.224
CG  -1.817  1.167  1.292
ND1 -3.184  1.044  1.189
CE1 -3.718  2.242  1.326
NE2 -2.759  3.128  1.521
CD2 -1.557  2.479  1.503
HIS-9    6 0.0700
CB  -0.861  0.003  1.250
CG  -1.957  1.006  1.219
ND1 -2.920  1.001  0.253
CE1 -3.745  1.998  0.448
NE2 -3.360  2.648  1.511
CD2 -2.245  2.049  2.021
HIS-10   6 0.0659
CB  -0.843  0.081  1.243
CG  -1.582  1.376  1.364
ND1 -2.860  1.547  0.912
CE1 -3.231  2.789  1.126
NE2 -2.226  3.436  1.670
CD2 -1.177  2.581  1.804
HIS-11   6 0.0422
CB  -0.936  0.052  1.216
CG  -2.001  1.054  1.076
ND1 -1.758  2.376  0.915
CE1 -2.898  3.023  0.825
NE2 -3.882  2.196  0.884
CD2 -3.323  0.965  1.061
HIS-12   6 0.0070
CB  -0.907 -0.115  1.230
CG  -1.849  1.031  1.521
ND1 -2.148  2.045  0.709
CE1 -3.028  2.832  1.327
NE2 -3.275  2.307  2.489
CD2 -2.588  1.199  2.616
HIS-13   6 0.0142
CB  -1.065 -0.001  1.063
CG  -2.059  1.082  0.870
ND1 -2.429  1.950  1.868
CE1 -3.277  2.826  1.391
NE2 -3.456  2.572  0.115
CD2 -2.690  1.501 -0.241
HIS-14   6 0.0673
CB  -0.920 -0.082  1.243
CG  -1.900  1.028  1.316
ND1 -1.749  2.085  2.167
CE1 -2.792  2.882  2.006
NE2 -3.601  2.408  1.105
CD2 -3.042  1.202  0.681
HIS-15   6 0.1090
CB  -1.018  0.071  1.152
CG  -2.139 -0.918  0.994
ND1 -3.366 -0.588  0.547
CE1 -4.099 -1.665  0.478
NE2 -3.376 -2.679  0.807
CD2 -2.127 -2.238  1.132
HIS-16   6 0.0397
CB  -0.997  0.008  1.150
CG  -2.196 -0.814  0.879
ND1 -3.152 -0.452 -0.032
CE1 -4.079 -1.385 -0.076
NE2 -3.760 -2.328  0.775
CD2 -2.585 -1.995  1.384
HIS-17   6 0.0368
CB  -0.943  0.021  1.214
CG  -1.768 -1.209  1.349
ND1 -2.113 -1.731  2.563
CE1 -2.808 -2.831  2.380
NE2 -2.951 -3.021  1.095
CD2 -2.294 -2.031  0.427
HIS-18   6 0.0505
CB  -1.021 -0.038  1.142
CG  -2.035 -1.115  0.998
ND1 -3.380 -0.897  1.147
CE1 -4.025 -2.020  0.947
NE2 -3.155 -2.955  0.658
CD2 -1.901 -2.414  0.670
HIS-19   6 0.0667
CB  -0.981 -0.035  1.196
CG  -2.145 -0.950  0.996
ND1 -2.161 -2.253  1.398
CE1 -3.292 -2.798  1.064
NE2 -3.985 -1.910  0.450
CD2 -3.290 -0.752  0.368
HIS-20   6 0.0617
CB  -1.090  0.039  1.053
CG  -2.027 -1.097  1.011
ND1 -2.273 -1.920  2.077
CE1 -3.143 -2.846  1.703
NE2 -3.425 -2.680  0.427
CD2 -2.732 -1.585 -0.020
HIS-21   6 0.0075
CB  -0.995  0.056  1.169
CG  -0.441 -0.435  2.459
ND1 -0.896 -1.585  3.069
CE1 -0.228 -1.774  4.190
NE2  0.649 -0.795  4.323
CD2  0.538  0.056  3.253
HIS-22   6 0.1219
CB  -1.033  0.045  1.185
CG  -1.806 -1.217  1.437
ND1 -2.183 -2.002  0.487
CE1 -2.848 -3.041  0.999
NE2 -2.914 -2.931  2.241
CD2 -2.271 -1.771  2.568
HIS-23   6 0.0052
CB  -1.012  0.009  1.135
CG  -0.411  0.259  2.486
ND1 -1.131  0.884  3.466
CE1 -0.414  0.963  4.567
NE2  0.757  0.395  4.347
CD2  0.763 -0.086  3.061
HIS-24   6 0.0540
CB  -0.894  0.069  1.265
CG  -1.870 -1.064  1.403
ND1 -1.477 -2.347  1.652
CE1 -2.535 -3.121  1.706
NE2 -3.606 -2.382  1.527
CD2 -3.213 -1.090  1.327
ILE-1    4 0.0649
CB  -0.982  0.040  1.183
CG1 -2.010  1.150  0.970
CD1 -3.146  1.111  1.945
CG2 -0.237  0.237  2.497
ILE-2    4 0.0287
CB  -0.996 -0.011  1.198
CG1 -1.968  1.166  1.137
CD1 -2.887  1.106 -0.026
CG2 -0.259 -0.006  2.522
ILE-3    4 0.1654
CB  -0.905  0.016  1.271
CG1 -1.921 -1.120  1.205
CD1 -2.839 -1.071  0.041
CG2 -1.594  1.363  1.434
ILE-4    4 0.0074
CB  -0.989  0.022  1.197
CG1 -2.315 -0.624  0.846
CD1 -2.306 -2.052  1.040
CG2 -1.368  1.418  1.573
ILE-5    4 0.6002
CB  -0.970 -0.071  1.181
CG1 -1.925 -1.254  1.054
CD1 -2.639 -1.619  2.332
CG2 -1.755  1.212  1.444
ILE-6    4 0.1256
CB  -0.912  0.037  1.246
CG1 -0.066 -0.006  2.520
CD1 -0.863  0.207  3.783
CG2 -1.896 -1.124  1.203
ILE-7    4 0.0077
CB  -1.169  0.005  1.010
CG1 -0.712 -0.208  2.411
CD1 -0.229  0.967  3.078
CG2 -2.107 -1.119  0.695
LYS-1    5 0.0134
CB  -0.890  0.033  1.239
CG  -1.827 -1.150  1.443
CD  -2.890 -1.220  0.422
CE  -3.851 -0.041  0.462
NZ  -4.909 -0.305 -0.526
LYS-2    5 0.0069
CB  -0.856 -0.034  1.249
CG  -1.816  1.115  1.390
CD  -2.849  0.792  2.430
CE  -3.873 -0.199  1.885
NZ  -5.004 -0.335  2.821
LYS-3    5 0.0073
CB  -0.964 -0.030  1.176
CG  -2.014 -1.119  1.012
CD  -2.785 -1.337  2.287
CE  -1.951 -2.111  3.265
NZ  -2.740 -2.353  4.496
LYS-4    5 0.0183
CB  -0.955  0.034  1.199
CG  -2.140 -0.915  1.067
CD  -2.887 -1.173  2.365
CE  -3.473  0.060  2.907
NZ  -4.214 -0.235  4.170
LYS-5    5 0.0064
CB  -0.972 -0.022  1.157
CG  -2.046 -1.065  0.936
CD  -2.887 -1.290  2.150
CE  -3.729 -0.120  2.515
NZ  -4.763  0.111  1.519
LYS-6    5 0.0060
CB  -0.993 -0.074  1.161
CG  -1.878 -1.285  1.105
CD  -1.407 -2.464  1.907
CE  -1.429 -2.200  3.413
NZ  -0.838 -3.440  3.978
LYS-7    5 0.0211
CB  -1.085  0.005  1.066
CG  -2.118  1.049  0.731
CD  -3.313  0.984  1.640
CE  -2.945  1.437  3.030
NZ  -4.148  1.469  3.884
LYS-8    5 0.0173
CB  -0.949  0.001  1.183
CG  -2.148 -0.867  0.959
CD  -2.989 -0.936  2.203
CE  -4.313 -1.626  1.921
NZ  -4.091 -2.982  1.407
LYS-9    5 0.0679
CB  -0.937  0.017  1.196
CG  -2.015 -1.048  1.098
CD  -2.779 -1.176  2.381
CE  -3.861 -2.236  2.248
NZ  -4.544 -2.399  3.524
LYS-10   5 0.0134
CB  -0.908 -0.018  1.185
CG  -1.910  1.149  1.219
CD  -2.826  0.916  2.373
CE  -3.752  2.056  2.635
NZ  -4.575  2.345  1.469
LYS-11   5 0.0174
CB  -0.929  0.002  1.219
CG  -1.855  1.200  1.281
CD  -2.715  1.186  2.535
CE  -1.899  1.493  3.780
NZ  -2.759  1.537  4.999
LYS-12   5 0.0551
CB  -0.924 -0.013  1.210
CG  -1.904  1.137  1.292
CD  -2.867  0.923  2.438
CE  -3.821  2.091  2.574
NZ  -4.784  1.874  3.675
LYS-13   5 0.0139
CB  -0.910 -0.013  1.229
CG  -1.804  1.207  1.329
CD  -2.801  1.027  2.453
CE  -3.832  2.141  2.478
NZ  -3.185  3.373  2.954
LYS-14   5 0.0050
CB  -0.943  0.025  1.196
CG  -0.229  0.116  2.533
CD  -1.245  0.130  3.675
CE  -0.584  0.074  5.010
NZ   0.315  1.212  5.216
LYS-15   5 0.0073
CB  -0.931  0.030  1.217
CG  -2.147 -0.874  1.111
CD  -1.764 -2.337  1.139
CE  -2.998 -3.215  1.075
NZ  -3.932 -2.942  2.195
LYS-16   5 0.0074
CB  -0.866  0.012  1.258
CG  -2.227 -0.633  1.092
CD  -2.122 -2.020  0.517
CE  -3.502 -2.648  0.376
NZ  -4.374 -1.881 -0.561
LYS-17   5 0.0230
CB  -0.931 -0.027  1.226
CG  -2.276 -0.486  0.962
CD  -2.278 -1.833  0.414
CE  -3.673 -2.259  0.048
NZ  -3.643 -3.661 -0.343
LYS-18   5 0.0079
CB  -1.008 -0.023  1.163
CG  -1.946  1.140  1.194
CD  -2.771  1.225 -0.067
CE  -3.807  0.177 -0.135
NZ  -4.596  0.240 -1.383
LYS-19   5 0.0111
CB  -0.992  0.028  1.179
CG  -0.380  0.322  2.521
CD  -1.453  0.315  3.601
CE  -0.873  0.614  4.957
NZ  -1.927  0.617  5.996
LYS-20   5 0.0126
CB  -0.952  0.001  1.193
CG  -1.845  1.229  1.269
CD  -2.764  1.143  2.475
CE  -3.749  2.299  2.515
NZ  -3.075  3.616  2.619
LYS-21   5 0.0464
CB  -0.950  0.005  1.187
CG  -1.786  1.268  1.270
CD  -2.800  1.245  2.400
CE  -3.584  2.489  2.449
NZ  -4.523  2.479  3.584
LYS-22   5 0.0175
CB  -0.938 -0.025  1.236
CG  -1.848  1.192  1.318
CD  -2.848  1.077  2.486
CE  -3.678  2.253  2.699
NZ  -4.510  2.520  1.592
LYS-23   5 0.0139
CB  -0.860 -0.002  1.236
CG  -1.787  1.146  1.379
CD  -2.491  1.095  2.715
CE  -3.445 -0.017  2.828
NZ  -4.202  0.069  4.071
LYS-24   5 0.0071
CB  -0.829  0.008  1.281
CG  -1.887  1.079  1.338
CD  -2.516  1.201  2.721
CE  -3.628  2.223  2.722
NZ  -3.130  3.546  2.294
LYS-25   5 0.0138
CB  -0.895  0.046  1.216
CG  -1.983  1.126  1.138
CD  -2.745  1.282  2.448
CE  -3.794  2.290  2.311
NZ  -4.450  2.511  3.590
LYS-26   5 0.0124
CB  -0.934 -0.017  1.215
CG  -1.945  1.078  1.191
CD  -2.717  1.099  2.489
CE  -3.653  2.260  2.545
NZ  -4.797  2.029  1.663
LYS-27   5 0.0088
CB  -0.946 -0.001  1.206
CG  -1.906  1.165  1.109
CD  -2.883  1.240  2.262
CE  -3.858  0.110  2.221
NZ  -4.827  0.210  3.345
LYS-28   5 0.0140
CB  -0.972  0.053  1.171
CG  -0.338  0.076  2.521
CD  -1.365  0.006  3.635
CE  -0.719  0.024  4.973
NZ  -1.685 -0.162  6.034
LYS-29   5 0.0087
CB  -0.895  0.151  1.308
CG  -1.920 -0.917  1.366
CD  -2.947 -0.626  2.448
CE  -3.883  0.462  2.050
NZ  -4.936  0.807  2.975
LYS-30   5 0.0672
CB  -0.931  0.015  1.208
CG  -2.019 -1.004  1.200
CD  -3.011 -0.744  2.311
CE  -4.053 -1.772  2.326
NZ  -5.054 -1.477  3.425
LYS-31   5 0.0152
CB  -0.880  0.056  1.246
CG  -1.782 -1.137  1.413
CD  -2.708 -0.913  2.577
CE  -3.663 -2.034  2.697
NZ  -2.931 -3.267  3.019
LYS-32   5 0.0244
CB  -0.912 -0.038  1.220
CG  -1.954 -1.144  1.151
CD  -3.012 -0.775  2.145
CE  -4.041 -1.844  2.312
NZ  -4.768 -1.996  1.055
LYS-33   5 0.0215
CB  -0.933  0.018  1.185
CG  -1.957  1.144  1.147
CD  -2.818  1.161 -0.073
CE  -3.969  2.141  0.049
NZ  -3.437  3.520  0.102
LYS-34   5 0.0207
CB  -0.890  0.023  1.234
CG  -1.960  1.028  1.187
CD  -3.054  0.665  0.197
CE  -4.154  1.676  0.320
NZ  -5.176  1.414 -0.651
LYS-35   5 0.0150
CB  -1.020 -0.003  1.145
CG  -2.068 -1.039  0.968
CD  -2.736 -0.929 -0.381
CE  -3.825 -1.908 -0.525
NZ  -4.852 -1.652  0.479
LYS-36   5 0.0174
CB  -0.954 -0.013  1.162
CG  -2.043 -1.072  1.080
CD  -3.037 -0.688 -0.036
CE  -4.309 -1.438 -0.050
NZ  -3.943 -2.733 -0.383
LYS-37   5 0.0470
CB  -0.885  0.097  1.253
CG  -1.908 -0.991  1.431
CD  -2.999 -0.861  0.413
CE  -4.070 -1.874  0.703
NZ  -5.042 -1.824 -0.396
LYS-38   5 0.0146
CB  -0.948  0.003  1.201
CG  -2.108 -0.958  1.027
CD  -3.067 -0.963  2.203
CE  -3.809  0.347  2.322
NZ  -4.777  0.276  3.446
LYS-39   5 0.0052
CB  -0.824 -0.004  1.292
CG  -1.948 -0.989  1.309
CD  -2.938 -0.660  2.413
CE  -2.373 -1.022  3.721
NZ  -2.352 -2.488  3.899
LYS-40   5 0.0628
CB  -0.931  0.033  1.210
CG  -1.990 -1.038  1.194
CD  -2.841 -0.969  2.438
CE  -3.900 -2.044  2.413
NZ  -4.722 -1.992  3.642
LYS-41   5 0.0259
CB  -1.106  0.075  1.056
CG  -1.960 -1.173  1.105
CD  -3.119 -0.998  2.067
CE  -2.611 -1.032  3.467
NZ  -3.735 -1.022  4.462
LYS-42   5 0.0263
CB  -0.957  0.031  1.162
CG  -2.067 -0.979  1.037
CD  -3.036 -0.867  2.171
CE  -4.071 -1.948  2.159
NZ  -4.858 -1.797  0.948
LYS-43   5 0.0258
CB  -0.938  0.009  1.204
CG  -2.016 -1.059  1.161
CD  -2.960 -0.929  2.340
CE  -4.154 -1.849  2.303
NZ  -3.726 -3.233  2.407
LYS-44   5 0.0052
CB  -0.934  0.031  1.201
CG  -2.154 -0.892  1.080
CD  -3.489 -0.126  0.995
CE  -3.867  0.163 -0.391
NZ  -5.040  1.043 -0.449
LYS-45   5 0.0091
CB  -0.880  0.032  1.226
CG  -1.862 -1.134  1.245
CD  -2.691 -1.161  2.498
CE  -1.860 -1.601  3.691
NZ  -2.685 -1.707  4.926
LEU-1    4 0.0173
CB  -0.889 -0.138  1.265
CG  -1.242  0.997  2.187
CD1 -2.468  0.649  2.971
CD2 -0.192  1.187  3.186
LEU-2    4 0.0066
CB  -0.888  0.012  1.240
CG  -1.641 -1.286  1.498
CD1 -2.405 -1.642  0.297
CD2 -0.968 -2.346  1.899
LEU-3    4 0.3053
CB  -0.934  0.016  1.203
CG  -1.949  1.147  1.216
CD1 -2.888  1.018  0.068
CD2 -2.697  1.151  2.526
LEU-4    4 0.0395
CB  -0.932  0.005  1.198
CG  -2.176 -0.838  1.108
CD1 -1.896 -2.144  0.795
CD2 -2.899 -0.822  2.352
LEU-5    4 0.6209
CB  -0.936 -0.011  1.186
CG  -2.061 -1.030  1.119
CD1 -2.715 -1.184  2.476
CD2 -3.084 -0.617  0.113
LEU-6    4 0.0104
CB  -0.988 -0.006  1.173
CG  -0.592 -0.427  2.585
CD1  0.355  0.535  3.196
CD2 -1.828 -0.514  3.446
MET-1    4 0.1128
CB  -0.923  0.021  1.233
CG  -2.094 -0.895  1.097
SD  -3.214 -0.760  2.463
CE  -2.255 -1.530  3.658
MET-2    4 0.0835
CB  -0.992 -0.001  1.201
CG  -2.105 -1.009  1.038
SD  -3.154 -1.040  2.465
CE  -4.177 -2.365  2.082
MET-3    4 0.1682
CB  -0.911  0.023  1.225
CG  -1.954 -1.073  1.204
SD  -2.908 -1.085  2.719
CE  -3.813  0.330  2.521
MET-4    4 0.0050
CB  -0.854  0.074  1.217
CG  -2.100 -0.556  1.007
SD  -2.027 -2.027  1.803
CE  -2.310 -1.378  3.455
MET-5    4 0.0065
CB  -0.908  0.049  1.230
CG  -2.180 -0.759  1.103
SD  -1.837 -2.488  1.365
CE  -3.509 -3.125  1.546
MET-6    4 0.0769
CB  -0.860 -0.020  1.245
CG  -1.742  1.191  1.425
SD  -2.706  1.161  2.925
CE  -3.800 -0.041  2.545
MET-7    4 0.0589
CB  -0.961 -0.031  1.168
CG  -2.189  0.794  0.927
SD  -3.457  0.576  2.165
CE  -2.734  1.373  3.443
MET-8    4 0.0202
CB  -1.061 -0.016  1.119
CG  -0.564 -0.086  2.534
SD  -1.938 -0.110  3.731
CE  -2.560 -1.687  3.403
MET-9    4 0.0351
CB  -0.906 -0.004  1.239
CG  -1.924  1.097  1.243
SD  -2.713  1.179  2.850
CE  -3.782  2.524  2.601
MET-10   4 0.0237
CB  -0.997  0.017  1.146
CG  -0.362  0.209  2.501
SD  -1.489  0.076  3.875
CE  -2.452  1.479  3.605
MET-11   4 0.0148
CB  -0.881  0.035  1.228
CG  -0.115  0.278  2.484
SD  -1.195  0.163  3.878
CE  -0.037  0.359  5.190
MET-12   4 0.0061
CB  -1.068 -0.025  1.120
CG  -0.506  0.089  2.531
SD  -0.169  1.803  3.022
CE  -1.688  2.266  3.344
MET-13   4 0.0057
CB  -0.973 -0.002  1.192
CG  -0.373  0.428  2.525
SD   0.887 -0.692  3.192
CE  -0.160 -2.013  3.794
MET-14   4 0.0647
CB  -0.954  0.048  1.200
CG  -1.926  1.214  1.121
SD  -3.065  1.052 -0.275
CE  -4.076 -0.231  0.370
MET-15   4 0.0411
CB  -0.903  0.020  1.231
CG  -1.969 -1.049  1.219
SD  -3.054 -0.966 -0.232
CE  -2.344 -2.120 -1.276
MET-16   4 0.0055
CB  -0.970 -0.002  1.203
CG  -1.878  1.220  1.271
SD  -3.625  0.799  1.136
CE  -3.861  0.972 -0.584
MET-17   4 0.0287
CB  -0.933  0.016  1.217
CG  -1.982  1.107  1.224
SD  -3.194  0.888 -0.077
CE  -4.113  2.318  0.164
MET-18   4 0.0326
CB  -0.969  0.046  1.181
CG  -2.218 -0.792  0.986
SD  -2.706 -0.779 -0.740
CE  -3.935 -1.962 -0.740
MET-19   4 0.1719
CB  -0.979  0.011  1.189
CG  -1.846 -1.219  1.262
SD  -2.849 -1.473 -0.139
CE  -3.951 -0.127 -0.006
MET-20   4 0.0300
CB  -0.925 -0.052  1.217
CG  -2.146  0.833  1.127
SD  -1.775  2.495  1.625
CE  -1.711  2.249  3.357
ASN-1    4 0.0109
CB  -1.050  0.021  1.110
CG  -0.454 -0.139  2.477
OD1  0.506 -0.843  2.661
ND2 -1.037  0.520  3.443
ASN-2    4 0.0203
CB  -0.961  0.022  1.182
CG  -0.257 -0.093  2.502
OD1  0.910 -0.448  2.561
ND2 -0.965  0.199  3.569
ASN-3    4 0.0256
CB  -0.997  0.020  1.157
CG  -0.383  0.265  2.515
OD1  0.817  0.299  2.678
ND2 -1.232  0.443  3.507
ASN-4    4 0.0353
CB  -0.977  0.033  1.155
CG  -0.296  0.015  2.502
OD1  0.762  0.555  2.676
ND2 -0.918 -0.630  3.449
ASN-5    4 0.0270
CB  -0.979  0.021  1.148
CG  -0.322 -0.127  2.473
OD1  0.437  0.673  2.852
ND2 -0.649 -1.140  3.158
ASN-6    4 0.0401
CB  -0.953 -0.012  1.200
CG  -1.851  1.203  1.229
OD1 -1.669  1.968  2.054
ND2 -2.682  1.384  0.269
ASN-7    4 0.0570
CB  -0.921  0.020  1.239
CG  -1.851  1.194  1.254
OD1 -2.432  1.550  0.265
ND2 -1.967  1.827  2.374
ASN-8    4 0.0470
CB  -0.920 -0.032  1.175
CG  -1.874  1.128  1.200
OD1 -2.741  1.225  0.382
ND2 -1.726  1.969  2.173
ASN-9    4 0.0648
CB  -0.885 -0.044  1.263
CG  -1.969  0.983  1.247
OD1 -1.974  1.873  0.429
ND2 -2.908  0.861  2.167
ASN-10   4 0.0218
CB  -0.854 -0.048  1.263
CG  -1.656  1.196  1.446
OD1 -1.762  1.995  0.535
ND2 -2.231  1.364  2.609
ASN-11   4 0.0265
CB  -0.927 -0.019  1.217
CG  -1.878  1.158  1.137
OD1 -1.575  2.261  1.481
ND2 -3.007  0.924  0.581
ASN-12   4 0.0419
CB  -0.929 -0.021  1.208
CG  -1.963  1.052  1.147
OD1 -1.674  2.172  0.775
ND2 -3.187  0.729  1.534
ASN-13   4 0.0760
CB  -0.992  0.053  1.157
CG  -2.128 -0.906  0.982
OD1 -2.830 -0.858  0.002
ND2 -2.302 -1.793  1.944
ASN-14   4 0.1904
CB  -1.002  0.025  1.158
CG  -2.096 -0.995  0.989
OD1 -2.362 -1.462 -0.108
ND2 -2.745 -1.346  2.081
ASN-15   4 0.0351
CB  -0.949 -0.074  1.197
CG  -2.069 -1.038  0.946
OD1 -2.205 -2.022  1.519
ND2 -2.900 -0.690  0.175
ASN-16   4 0.1244
CB  -0.964 -0.007  1.156
CG  -1.991 -1.098  1.035
OD1 -2.885 -1.009  0.261
ND2 -1.828 -2.118  1.794
ASN-17   4 0.0810
CB  -1.019  0.057  1.162
CG  -1.967 -1.105  1.172
OD1 -1.817 -1.986  1.953
ND2 -2.917 -1.082  0.343
ASN-18   4 0.0123
CB  -0.953  0.017  1.180
CG  -0.257  0.216  2.479
OD1  0.461 -0.626  2.922
ND2 -0.512  1.329  3.124
ASN-19   4 0.0396
CB  -0.894  0.027  1.234
CG  -2.133 -0.794  1.064
OD1 -2.405 -1.312 -0.010
ND2 -2.905 -0.907  2.127
ASN-20   4 0.0095
CB  -0.981  0.021  1.137
CG  -0.417  0.146  2.515
OD1 -0.619 -0.681  3.404
ND2  0.299  1.185  2.876
ASN-21   4 0.0137
CB  -0.958  0.009  1.196
CG  -2.157 -0.861  0.979
OD1 -2.012 -1.946  0.467
ND2 -3.314 -0.402  1.357
PRO-1    3 0.5253
CB  -0.775 -0.106  1.310
CG  -0.774 -1.550  1.640
CD   0.538 -2.075  1.145
PRO-2    3 0.4747
CB  -0.820 -0.124  1.287
CG   0.009 -0.967  2.176
CD   0.724 -1.937  1.284
GLN-1    5 0.0123
CB  -1.004  0.020  1.146
CG  -2.098 -1.034  1.031
CD  -1.675 -2.399  1.475
OE1 -0.632 -2.575  2.102
NE2 -2.459 -3.401  1.105
GLN-2    5 0.0064
CB  -0.912  0.027  1.204
CG  -1.884 -1.116  1.273
CD  -1.341 -2.293  2.011
OE1 -0.761 -2.157  3.067
NE2 -1.555 -3.471  1.474
GLN-3    5 0.0252
CB  -0.945  0.047  1.198
CG  -1.983 -1.039  1.213
CD  -3.227 -0.570  1.942
OE1 -4.025  0.173  1.384
NE2 -3.341 -0.905  3.176
GLN-4    5 0.0546
CB  -1.034 -0.109  1.112
CG  -1.821 -1.408  1.063
CD  -2.929 -1.465  2.070
OE1 -3.633 -0.542  2.242
NE2 -3.082 -2.574  2.680
GLN-5    5 0.0657
CB  -0.948  0.003  1.178
CG  -2.057 -1.014  1.043
CD  -2.775 -1.215  2.344
OE1 -2.619 -0.421  3.260
NE2 -3.526 -2.278  2.454
GLN-6    5 0.1042
CB  -0.950  0.017  1.206
CG  -1.980 -1.078  1.136
CD  -2.879 -1.136  2.331
OE1 -2.594 -0.591  3.377
NE2 -3.971 -1.860  2.194
GLN-7    5 0.0351
CB  -1.010 -0.011  1.131
CG  -2.046 -1.093  0.971
CD  -2.714 -1.435  2.263
OE1 -2.058 -1.545  3.272
NE2 -3.987 -1.572  2.245
GLN-8    5 0.0408
CB  -0.839  0.032  1.265
CG  -1.968 -0.959  1.304
CD  -2.626 -0.973  2.664
OE1 -2.122 -1.564  3.555
NE2 -3.725 -0.279  2.820
GLN-9    5 0.0394
CB  -0.945  0.005  1.197
CG  -1.674 -1.280  1.422
CD  -2.716 -1.174  2.483
OE1 -3.280 -2.134  2.933
NE2 -2.944 -0.011  2.885
GLN-10   5 0.0065
CB  -0.953  0.047  1.207
CG  -1.982 -1.053  1.279
CD  -1.568 -2.192  2.192
OE1 -0.407 -2.616  2.200
NE2 -2.510 -2.694  2.957
GLN-11   5 0.0289
CB  -0.918  0.006  1.218
CG  -2.211  0.704  0.998
CD  -3.138  0.546  2.141
OE1 -3.274 -0.547  2.658
NE2 -3.786  1.621  2.546
GLN-12   5 0.0539
CB  -0.871  0.005  1.248
CG  -1.871  1.148  1.310
CD  -2.545  1.252  2.659
OE1 -2.482  0.354  3.434
NE2 -3.241  2.353  2.912
GLN-13   5 0.0263
CB  -0.944  0.003  1.181
CG  -2.021  1.056  1.055
CD  -2.833  1.271  2.340
OE1 -3.779  2.075  2.380
NE2 -2.626  0.572  3.382
GLN-14   5 0.0252
CB  -0.930 -0.027  1.163
CG  -1.930  1.080  1.128
CD  -2.878  1.019  2.303
OE1 -2.536  1.370  3.413
NE2 -4.032  0.574  2.066
GLN-15   5 0.0086
CB  -0.902 -0.038  1.226
CG  -2.214  0.648  1.065
CD  -3.103  0.415  2.261
OE1 -2.648 -0.030  3.301
NE2 -4.360  0.716  2.120
GLN-16   5 0.0418
CB  -0.963 -0.019  1.187
CG  -1.922  1.151  1.216
CD  -2.897  1.055  2.345
OE1 -2.510  0.776  3.441
NE2 -4.130  1.289  2.088
GLN-17   5 0.0061
CB  -0.967 -0.027  1.139
CG  -1.810  1.201  1.180
CD  -1.365  2.152  2.249
OE1 -0.716  1.757  3.220
NE2 -1.787  3.404  2.119
GLN-18   5 0.0075
CB  -0.783  0.043  1.292
CG  -1.899  1.036  1.292
CD  -3.197  0.445  0.836
OE1 -4.000  1.109  0.186
NE2 -3.435 -0.789  1.191
GLN-19   5 0.0201
CB  -0.853  0.016  1.272
CG  -1.603  1.319  1.505
CD  -2.685  1.533  0.475
OE1 -2.453  1.340 -0.721
NE2 -3.880  1.933  0.928
GLN-20   5 0.0285
CB  -0.944  0.062  1.206
CG  -1.868 -1.131  1.371
CD  -2.905 -1.222  0.277
OE1 -3.128 -2.280 -0.270
NE2 -3.481 -0.120 -0.091
GLN-21   5 0.0332
CB  -0.899 -0.029  1.218
CG  -1.723 -1.294  1.308
CD  -2.585 -1.468  0.093
OE1 -3.507 -0.719 -0.109
NE2 -2.267 -2.439 -0.727
GLN-22   5 0.0123
CB  -0.993  0.040  1.172
CG  -2.080  1.096  0.965
CD  -3.003  0.773 -0.172
OE1 -3.081 -0.371 -0.581
NE2 -3.704  1.789 -0.637
GLN-23   5 0.0073
CB  -0.856 -0.016  1.263
CG  -1.934  1.036  1.300
CD  -3.168  0.625  0.526
OE1 -3.150 -0.355 -0.223
NE2 -4.253  1.374  0.707
GLN-24   5 0.0410
CB  -0.840 -0.011  1.293
CG  -1.816  1.105  1.406
CD  -2.599  1.297  0.116
OE1 -3.417  0.468 -0.248
NE2 -2.329  2.363 -0.586
GLN-25   5 0.0066
CB  -0.790  0.011  1.307
CG  -1.731 -1.142  1.461
CD  -3.147 -0.754  1.208
OE1 -3.422  0.329  0.681
NE2 -4.074 -1.627  1.585
GLN-26   5 0.0219
CB  -1.052 -0.098  1.145
CG  -2.228  0.820  1.070
CD  -2.966  0.714 -0.217
OE1 -3.269 -0.384 -0.681
NE2 -3.273  1.841 -0.808
GLN-27   5 0.0654
CB  -0.937 -0.006  1.209
CG  -2.031 -1.032  1.126
CD  -3.023 -0.751  0.038
OE1 -3.500  0.339 -0.100
NE2 -3.334 -1.758 -0.738
GLN-28   5 0.0355
CB  -0.961  0.039  1.186
CG  -1.867 -1.095  1.354
CD  -2.781 -1.297  0.180
OE1 -2.981 -0.410 -0.618
NE2 -3.334 -2.475  0.072
GLN-29   5 0.0209
CB  -0.975 -0.037  1.162
CG  -2.050 -1.092  1.038
CD  -3.039 -0.777 -0.003
OE1 -2.888 -1.093 -1.124
NE2 -4.107 -0.135  0.329
GLN-30   5 0.0068
CB  -0.966  0.018  1.211
CG  -0.262 -0.010  2.552
CD  -1.181 -0.033  3.747
OE1 -0.711 -0.086  4.863
NE2 -2.434  0.056  3.512
GLN-31   5 0.0175
CB  -0.935  0.008  1.202
CG  -0.271  0.278  2.529
CD  -1.267  0.304  3.662
OE1 -2.349  0.864  3.542
NE2 -0.909 -0.311  4.772
GLN-32   5 0.0082
CB  -0.978 -0.082  1.164
CG  -0.219  0.086  2.501
CD  -1.140 -0.173  3.685
OE1 -2.171 -0.721  3.590
NE2 -0.688  0.210  4.847
GLN-33   5 0.0092
CB  -0.934  0.018  1.208
CG  -0.713 -1.115  2.182
CD  -1.934 -1.379  3.036
OE1 -2.851 -0.559  3.104
NE2 -1.956 -2.534  3.690
GLN-34   5 0.0085
CB  -0.991 -0.010  1.160
CG  -0.370  0.042  2.542
CD  -1.402 -0.131  3.612
OE1 -1.814 -1.254  3.903
NE2 -1.879  0.962  4.176
GLN-35   5 0.0083
CB  -0.916 -0.005  1.224
CG  -0.234  0.094  2.570
CD  -1.235 -0.076  3.693
OE1 -2.029 -1.007  3.692
NE2 -1.151  0.794  4.684
ARG-1    7 0.0087
CB  -1.017  0.038  1.127
CG  -2.045 -1.077  1.067
CD  -2.735 -1.263 -0.250
NE  -3.408 -0.023 -0.589
CZ  -3.824  0.185 -1.856
NH1 -3.655 -0.709 -2.817
NH2 -4.420  1.332 -2.059
ARG-2    7 0.0193
CB  -0.914  0.012  1.225
CG  -1.906 -1.153  1.288
CD  -3.053 -0.970  0.328
NE  -3.804  0.233  0.654
CZ  -4.757  0.305  1.572
NH1 -5.124 -0.772  2.275
NH2 -5.344  1.468  1.802
ARG-3    7 0.0059
CB  -0.912 -0.012  1.211
CG  -1.349  1.367  1.619
CD  -2.433  1.247  2.613
NE  -3.597  0.680  2.010
CZ  -4.704  0.416  2.675
NH1 -4.807  0.609  3.977
NH2 -5.679 -0.065  2.004
ARG-4    7 0.0069
CB  -1.038 -0.050  1.103
CG  -2.145 -1.099  0.817
CD  -3.216 -0.555 -0.125
NE  -4.067  0.340  0.675
CZ  -3.971  1.663  0.600
NH1 -3.161  2.167 -0.272
NH2 -4.672  2.446  1.330
ARG-5    7 0.0069
CB  -0.927 -0.021  1.190
CG  -1.718  1.254  1.350
CD  -2.861  1.145  2.334
NE  -3.814  0.147  1.875
CZ  -4.018 -1.027  2.398
NH1 -3.409 -1.417  3.501
NH2 -4.891 -1.825  1.813
ARG-6    7 0.0071
CB  -0.930  0.028  1.213
CG  -2.019 -1.033  1.171
CD  -2.782 -1.087  2.488
NE  -1.910 -1.462  3.591
CZ  -1.471 -2.694  3.815
NH1 -1.960 -3.703  3.167
NH2 -0.604 -2.884  4.800
ARG-7    7 0.0148
CB  -0.911  0.020  1.204
CG  -1.987 -1.067  1.160
CD  -2.694 -1.185  2.467
NE  -1.821 -1.644  3.488
CZ  -2.159 -1.777  4.741
NH1 -3.359 -1.423  5.146
NH2 -1.262 -2.289  5.581
ARG-8    7 0.0052
CB  -0.993  0.036  1.150
CG  -0.364  0.190  2.521
CD  -1.436  0.415  3.542
NE  -0.865  0.433  4.877
CZ  -1.561  0.655  5.980
NH1 -2.871  0.867  5.920
NH2 -0.953  0.696  7.156
ARG-9    7 0.0088
CB  -0.961 -0.021  1.189
CG  -1.941 -1.186  1.111
CD  -2.566 -1.534  2.445
NE  -3.269 -0.407  3.043
CZ  -2.815  0.242  4.100
NH1 -1.663 -0.134  4.642
NH2 -3.492  1.263  4.604
ARG-10   7 0.0142
CB  -0.865 -0.018  1.221
CG  -1.755 -1.275  1.249
CD  -2.475 -1.457  2.498
NE  -3.440 -0.399  2.620
CZ  -4.108 -0.144  3.736
NH1 -3.893 -0.876  4.823
NH2 -4.981  0.860  3.773
ARG-11   7 0.0252
CB  -0.956 -0.029  1.196
CG  -1.964 -1.179  1.103
CD  -2.782 -1.332  2.371
NE  -3.575 -0.144  2.657
CZ  -4.799  0.062  2.190
NH1 -5.382 -0.850  1.421
NH2 -5.446  1.175  2.503
ARG-12   7 0.0138
CB  -0.851  0.034  1.252
CG  -1.984  1.009  1.172
CD  -2.914  0.992  2.332
NE  -2.249  1.349  3.537
CZ  -2.065  2.584  3.909
NH1 -2.510  3.556  3.177
NH2 -1.409  2.831  4.997
ARG-13   7 0.0074
CB  -0.944  0.013  1.208
CG  -1.864  1.223  1.218
CD  -2.916  1.156  2.289
NE  -2.322  1.232  3.615
CZ  -2.242  0.205  4.449
NH1 -2.698 -0.986  4.088
NH2 -1.695  0.381  5.641
ARG-14   7 0.0129
CB  -0.951  0.007  1.212
CG  -1.985  1.158  1.080
CD  -3.089  1.136  2.063
NE  -2.562  1.217  3.380
CZ  -3.327  1.064  4.460
NH1 -4.597  0.774  4.274
NH2 -2.820  1.165  5.685
ARG-15   7 0.0183
CB  -0.827  0.101  1.245
CG  -1.821 -1.031  1.420
CD  -2.304 -1.019  2.832
NE  -3.305 -2.031  2.981
CZ  -3.905 -2.316  4.122
NH1 -3.609 -1.652  5.234
NH2 -4.807 -3.256  4.148
ARG-16   7 0.0232
CB  -0.942  0.009  1.192
CG  -2.005 -1.065  1.062
CD  -2.807 -1.215  2.349
NE  -3.789 -2.297  2.203
CZ  -5.015 -2.090  1.746
NH1 -5.386 -0.866  1.380
NH2 -5.864 -3.097  1.642
ARG-17   7 0.0213
CB  -0.926  0.068  1.229
CG  -2.012 -0.974  1.231
CD  -2.797 -0.994  2.541
NE  -3.926 -1.891  2.522
CZ  -3.884 -3.181  2.722
NH1 -2.755 -3.759  3.000
NH2 -4.995 -3.875  2.657
ARG-18   7 0.0065
CB  -0.929 -0.026  1.216
CG  -2.097  0.948  1.087
CD  -2.825  1.156  2.417
NE  -1.960  1.795  3.376
CZ  -1.721  3.097  3.364
NH1 -2.348  3.860  2.478
NH2 -0.894  3.629  4.239
ARG-19   7 0.0073
CB  -0.950  0.019  1.198
CG  -1.930  1.193  1.162
CD  -2.721  1.325  2.451
NE  -1.862  1.690  3.568
CZ  -1.606  0.895  4.599
NH1 -2.179 -0.306  4.685
NH2 -0.790  1.309  5.548
ARG-20   7 0.0088
CB  -0.942 -0.008  1.204
CG  -1.917  1.176  1.193
CD  -2.539  1.403  2.556
NE  -1.516  1.888  3.466
CZ  -1.644  1.958  4.781
NH1 -2.768  1.576  5.361
NH2 -0.635  2.407  5.511
ARG-21   7 0.0105
CB  -1.001  0.057  1.154
CG  -1.817  1.307  1.082
CD  -2.969  1.254  2.009
NE  -3.681  2.517  1.943
CZ  -4.733  2.832  2.649
NH1 -5.270  1.922  3.423
NH2 -5.214  4.024  2.557
ARG-22   7 0.0051
CB  -0.975  0.006  1.179
CG  -1.888  1.220  1.188
CD  -2.909  1.148  2.299
NE  -2.306  1.241  3.627
CZ  -2.259  0.238  4.501
NH1 -2.789 -0.938  4.193
NH2 -1.692  0.418  5.687
ARG-23   7 0.0111
CB  -0.930 -0.027  1.227
CG  -1.980  1.062  1.272
CD  -3.016  0.792  2.351
NE  -4.072  1.783  2.293
CZ  -4.010  2.938  2.895
NH1 -2.958  3.256  3.569
NH2 -4.993  3.810  2.797
ARG-24   7 0.0151
CB  -0.934 -0.005  1.213
CG  -1.752  1.252  1.373
CD  -2.573  1.175  2.641
NE  -1.722  1.137  3.824
CZ  -1.183  2.217  4.383
NH1 -1.410  3.418  3.863
NH2 -0.425  2.098  5.466
ARG-25   7 0.0096
CB  -0.902 -0.003  1.232
CG  -1.872  1.157  1.302
CD  -2.839  1.004  2.469
NE  -3.704  2.170  2.581
CZ  -4.837  2.325  1.910
NH1 -5.258  1.370  1.090
NH2 -5.555  3.431  2.068
ARG-26   7 0.0110
CB  -0.889  0.003  1.247
CG  -1.876  1.162  1.302
CD  -2.763  1.069  2.535
NE  -1.995  1.195  3.769
CZ  -2.497  1.012  4.986
NH1 -3.775  0.694  5.137
NH2 -1.722  1.146  6.054
ARG-27   7 0.0055
CB  -0.916 -0.012  1.226
CG  -0.207  0.006  2.564
CD  -1.140 -0.085  3.719
NE  -0.424 -0.011  4.979
CZ  -0.963 -0.010  6.173
NH1 -2.282 -0.106  6.276
NH2 -0.198  0.043  7.238
ARG-28   7 0.0053
CB  -0.929  0.043  1.200
CG  -2.048  1.026  1.009
CD  -3.188  0.324  0.278
NE  -3.791 -0.648  1.178
CZ  -4.721 -0.333  2.070
NH1 -5.144  0.927  2.149
NH2 -5.221 -1.266  2.871
ARG-29   7 0.0087
CB  -0.929 -0.007  1.196
CG  -1.808  1.193  1.321
CD  -2.665  1.407  0.140
NE  -3.477  0.238 -0.082
CZ  -4.251  0.085 -1.122
NH1 -4.193  0.928 -2.134
NH2 -5.046 -0.955 -1.145
ARG-30   7 0.0069
CB  -0.973  0.030  1.185
CG  -2.254 -0.713  0.917
CD  -2.090 -2.164  0.659
NE  -3.389 -2.758  0.447
CZ  -3.596 -4.034  0.276
NH1 -2.580 -4.865  0.293
NH2 -4.818 -4.461  0.117
ARG-31   7 0.0079
CB  -0.948 -0.023  1.204
CG  -0.316  0.140  2.558
CD  -1.407  0.043  3.655
NE  -0.820  0.127  4.995
CZ  -0.565  1.293  5.592
NH1 -0.866  2.425  4.974
NH2 -0.022  1.323  6.789
ARG-32   7 0.0078
CB  -0.974 -0.031  1.183
CG  -0.329 -0.049  2.531
CD  -1.395 -0.100  3.609
NE  -0.790 -0.082  4.937
CZ  -0.389 -1.169  5.589
NH1 -0.523 -2.373  5.033
NH2  0.150 -1.048  6.797
ARG-33   7 0.0111
CB  -0.898 -0.039  1.226
CG  -1.936  1.020  1.262
CD  -2.773  0.828  2.497
NE  -3.748  1.889  2.631
CZ  -4.938  1.888  2.036
NH1 -5.304  0.865  1.274
NH2 -5.772  2.905  2.208
ARG-34   7 0.0079
CB  -0.869 -0.045  1.241
CG  -1.911  1.035  1.301
CD  -2.668  0.926  2.589
NE  -3.696  1.951  2.703
CZ  -3.502  3.171  3.170
NH1 -2.315  3.539  3.590
NH2 -4.523  4.021  3.244
ARG-35   7 0.0122
CB  -0.971  0.007  1.182
CG  -2.096  1.019  0.980
CD  -2.950  1.113  2.214
NE  -3.626 -0.153  2.475
CZ  -3.356 -0.962  3.494
NH1 -2.427 -0.641  4.386
NH2 -4.046 -2.095  3.629
ARG-36   7 0.0254
CB  -0.946 -0.004  1.192
CG  -1.899  1.163  1.224
CD  -2.805  1.068  2.435
NE  -3.634  2.235  2.566
CZ  -4.483  2.433  3.541
NH1 -4.624  1.513  4.489
NH2 -5.227  3.521  3.531
ARG-37   7 0.0066
CB  -0.849 -0.067  1.276
CG  -1.622  1.202  1.539
CD  -2.341  1.172  2.856
NE  -3.353  0.155  2.849
CZ  -4.551  0.315  2.313
NH1 -4.861  1.453  1.700
NH2 -5.450 -0.645  2.373
ARG-38   7 0.0053
CB  -0.953 -0.013  1.221
CG  -1.675  1.283  1.467
CD  -2.269  1.339  2.874
NE  -3.308  0.417  3.024
CZ  -3.913  0.152  4.153
NH1 -3.588  0.776  5.284
NH2 -4.826 -0.767  4.131
ARG-39   7 0.0077
CB  -0.958 -0.026  1.199
CG  -1.805  1.211  1.372
CD  -2.608  1.094  2.668
NE  -3.346  2.321  2.954
CZ  -4.565  2.576  2.494
NH1 -5.185  1.686  1.733
NH2 -5.167  3.718  2.799
ARG-40   7 0.0098
CB  -0.922 -0.071  1.250
CG  -1.930  1.028  1.349
CD  -2.612  0.865  2.737
NE  -3.647  1.895  2.712
CZ  -3.422  3.086  3.240
NH1 -2.245  3.322  3.785
NH2 -4.393  3.971  3.188
ARG-41   7 0.0089
CB  -0.912 -0.022  1.221
CG  -1.631  1.244  1.515
CD  -2.297  1.088  2.873
NE  -3.076  2.260  3.192
CZ  -3.634  2.495  4.376
NH1 -3.471  1.637  5.375
NH2 -4.321  3.610  4.549
ARG-42   7 0.0059
CB  -0.992  0.004  1.159
CG  -1.737  1.294  1.286
CD  -2.705  1.289  2.424
NE  -3.734  0.279  2.224
CZ  -3.855 -0.836  2.928
NH1 -3.016 -1.134  3.920
NH2 -4.831 -1.684  2.632
ARG-43   7 0.0217
CB  -0.969 -0.037  1.201
CG  -1.909  1.080  1.296
CD  -2.842  1.003  2.493
NE  -3.736 -0.103  2.368
CZ  -4.875 -0.078  1.686
NH1 -5.231  1.010  1.028
NH2 -5.633 -1.146  1.640
ARG-44   7 0.0116
CB  -0.947 -0.036  1.194
CG  -1.872  1.179  1.252
CD  -2.757  1.174  2.455
NE  -3.728  0.077  2.407
CZ  -4.511 -0.267  3.412
NH1 -4.467  0.391  4.555
NH2 -5.333 -1.302  3.279
ARG-45   7 0.0097
CB  -0.900  0.023  1.231
CG  -1.506 -1.336  1.559
CD  -2.587 -1.184  2.575
NE  -3.655 -0.355  2.047
CZ  -4.668  0.086  2.775
NH1 -4.730 -0.210  4.070
NH2 -5.604  0.835  2.206
ARG-46   7 0.0051
CB  -0.916  0.038  1.214
CG  -0.250  0.202  2.554
CD  -1.231 -0.021  3.675
NE  -0.584  0.247  4.955
CZ  -1.171  0.076  6.124
NH1 -2.404 -0.358  6.183
NH2 -0.477  0.349  7.217
ARG-47   7 0.0136
CB  -0.965 -0.054  1.158
CG  -1.844 -1.270  0.924
CD  -3.083 -1.203  1.626
NE  -3.921 -0.166  1.088
CZ  -4.750 -0.320  0.077
NH1 -4.835 -1.467 -0.541
NH2 -5.494  0.675 -0.309
ARG-48   7 0.0052
CB  -1.001  0.007  1.158
CG  -2.103 -1.044  1.062
CD  -3.228 -0.840  2.029
NE  -4.011  0.331  1.665
CZ  -3.979  1.489  2.332
NH1 -3.207  1.599  3.410
NH2 -4.669  2.535  1.888
ARG-49   7 0.0182
CB  -0.906  0.072  1.210
CG  -1.941 -0.942  1.278
CD  -2.818 -0.610  2.453
NE  -3.810 -1.635  2.646
CZ  -4.985 -1.687  2.033
NH1 -5.354 -0.761  1.161
NH2 -5.791 -2.683  2.304
ARG-50   7 0.0345
CB  -0.980  0.019  1.182
CG  -1.904 -1.150  1.169
CD  -2.973 -1.036  2.187
NE  -3.803 -2.209  2.158
CZ  -4.833 -2.378  2.952
NH1 -5.102 -1.522  3.909
NH2 -5.563 -3.450  2.795
ARG-51   7 0.0173
CB  -0.925  0.039  1.197
CG  -2.005 -1.010  1.200
CD  -3.090 -0.662  2.216
NE  -4.071 -1.696  2.280
CZ  -3.971 -2.769  3.049
NH1 -3.035 -2.849  3.973
NH2 -4.900 -3.695  2.995
ARG-52   7 0.0143
CB  -0.947 -0.042  1.187
CG  -1.924  1.134  1.210
CD  -3.097  0.905  0.339
NE  -4.113  1.949  0.511
CZ  -5.098  2.150 -0.348
NH1 -5.236  1.352 -1.390
NH2 -5.980  3.087 -0.118
ARG-53   7 0.0078
CB  -0.869  0.028  1.258
CG  -1.879  1.086  1.310
CD  -2.993  0.879  0.403
NE  -3.977  1.909  0.541
CZ  -5.006  1.804  1.346
NH1 -5.165  0.723  2.037
NH2 -5.871  2.750  1.456
ARG-54   7 0.0148
CB  -0.975 -0.066  1.148
CG  -1.929  1.075  1.371
CD  -2.838  1.334  0.193
NE  -3.736  2.465  0.497
CZ  -3.383  3.705  0.298
NH1 -2.199  3.944 -0.233
NH2 -4.199  4.687  0.628
ARG-55   7 0.0183
CB  -0.912  0.046  1.244
CG  -2.028 -0.973  1.212
CD  -3.085 -0.509  0.263
NE  -4.198 -1.437  0.245
CZ  -5.195 -1.360 -0.614
NH1 -5.261 -0.394 -1.495
NH2 -6.182 -2.238 -0.552
ARG-56   7 0.0101
CB  -0.934  0.002  1.214
CG  -1.736 -1.287  1.368
CD  -2.666 -1.241  2.573
NE  -3.726 -0.253  2.404
CZ  -4.870 -0.491  1.773
NH1 -5.104 -1.686  1.248
NH2 -5.777  0.468  1.668
ARG-57   7 0.0121
CB  -0.869  0.036  1.256
CG  -1.728 -1.186  1.459
CD  -2.811 -1.253  0.412
NE  -3.632 -2.447  0.575
CZ  -4.644 -2.537  1.427
NH1 -4.958 -1.500  2.190
NH2 -5.343 -3.661  1.513
ARG-58   7 0.0235
CB  -0.981  0.045  1.184
CG  -2.015 -1.060  1.131
CD  -2.898 -1.035  2.364
NE  -3.730  0.159  2.412
CZ  -4.444  0.511  3.463
NH1 -4.452 -0.227  4.562
NH2 -5.164  1.576  3.401
ARG-59   7 0.0285
CB  -0.904  0.041  1.233
CG  -1.989 -1.026  1.308
CD  -2.980 -0.881  0.175
NE  -4.122 -1.771  0.313
CZ  -4.152 -3.006 -0.179
NH1 -3.127 -3.460 -0.836
NH2 -5.209 -3.752 -0.043
ARG-60   7 0.0095
CB  -1.018 -0.022  1.153
CG  -1.961 -1.222  1.061
CD  -3.038 -1.200  2.145
NE  -3.935 -0.062  1.987
CZ  -3.973  0.991  2.797
NH1 -3.174  1.050  3.855
NH2 -4.824  1.979  2.552
ARG-61   7 0.0076
CB  -0.984 -0.037  1.175
CG  -2.077 -1.057  0.889
CD  -3.281 -1.047  1.755
NE  -3.000 -1.754  2.978
CZ  -2.750 -1.180  4.129
NH1 -2.795  0.142  4.239
NH2 -2.489 -1.939  5.184
ARG-62   7 0.0199
CB  -0.992 -0.052  1.165
CG  -1.971 -1.216  1.028
CD  -2.914 -1.330  2.211
NE  -3.774 -2.487  2.108
CZ  -4.878 -2.558  1.426
NH1 -5.292 -1.500  0.810
NH2 -5.547 -3.719  1.440
ARG-63   7 0.0195
CB  -0.936  0.030  1.192
CG  -1.975 -1.048  1.152
CD  -2.834 -1.016  2.382
NE  -3.862 -2.042  2.341
CZ  -3.781 -3.197  2.980
NH1 -2.700 -3.487  3.691
NH2 -4.781 -4.060  2.895
ARG-64   7 0.0336
CB  -0.935  0.028  1.202
CG  -1.872 -1.142  1.251
CD  -3.050 -0.853  2.134
NE  -2.663 -0.610  3.520
CZ  -2.545 -1.562  4.438
NH1 -2.763 -2.830  4.112
NH2 -2.199 -1.249  5.682
ARG-65   7 0.0131
CB  -0.987  0.004  1.163
CG  -1.928 -1.210  1.020
CD  -2.967 -1.277  2.140
NE  -2.354 -1.662  3.427
CZ  -2.223 -0.800  4.418
NH1 -2.641  0.447  4.287
NH2 -1.676 -1.186  5.536
ARG-66   7 0.0055
CB  -0.909 -0.016  1.223
CG  -1.859 -1.209  1.342
CD  -3.088 -0.917  0.500
NE  -2.700 -1.378 -0.850
CZ  -2.677 -2.586 -1.328
NH1 -3.017 -3.524 -0.460
NH2 -2.351 -2.732 -2.601
ARG-67   7 0.0339
CB  -0.972  0.015  1.199
CG  -2.067 -0.950  1.089
CD  -3.026 -0.882  2.264
NE  -4.089 -1.864  2.106
CZ  -5.039 -2.065  3.016
NH1 -5.080 -1.363  4.123
NH2 -5.945 -2.994  2.822
ARG-68   7 0.0152
CB  -0.937  0.015  1.191
CG  -2.058 -0.973  1.062
CD  -3.013 -0.803  2.192
NE  -2.374 -1.094  3.460
CZ  -2.949 -0.882  4.640
NH1 -4.180 -0.393  4.712
NH2 -2.294 -1.183  5.747
ARG-69   7 0.0216
CB  -0.899  0.067  1.242
CG  -2.176 -0.713  1.194
CD  -2.905 -0.627  2.529
NE  -2.174 -1.289  3.592
CZ  -2.246 -2.584  3.875
NH1 -3.010 -3.392  3.192
NH2 -1.524 -3.069  4.859
ARG-70   7 0.0110
CB  -0.912  0.004  1.205
CG  -1.869 -1.152  1.213
CD  -2.672 -1.106  2.471
NE  -1.846 -1.394  3.621
CZ  -2.262 -1.339  4.878
NH1 -3.490 -0.938  5.165
NH2 -1.442 -1.667  5.855
SER-1    2 0.2895
CB  -0.871  0.079  1.284
OG  -1.614 -1.100  1.414
SER-2    2 0.2371
CB  -0.879  0.003  1.240
OG  -1.679  1.147  1.261
SER-3    2 0.4734
CB  -0.974 -0.012  1.198
OG  -0.338 -0.298  2.408
THR-1    3 0.4445
CB  -0.955  0.023  1.206
OG1 -1.925 -1.000  1.020
CG2 -1.667  1.350  1.351
THR-2    3 0.0780
CB  -0.990 -0.047  1.188
OG1 -1.911  1.020  1.046
CG2 -0.285  0.098  2.497
THR-3    3 0.4775
CB  -0.939  0.027  1.224
OG1 -0.222  0.215  2.431
CG2 -1.741 -1.249  1.319
VAL-1    3 0.1921
CB  -1.037  0.034  1.149
CG1 -1.932 -1.188  1.094
CG2 -0.360  0.143  2.494
VAL-2    3 0.7314
CB  -0.960 -0.008  1.199
CG1 -1.590  1.358  1.393
CG2 -2.033 -1.061  1.008
VAL-3    3 0.0765
CB  -0.918 -0.046  1.237
CG1 -0.163  0.070  2.531
CG2 -2.014  0.976  1.169
TRP-1   10 0.0140
CB  -0.923  0.011  1.216
CG  -1.771  1.239  1.354
CD1 -1.416  2.442  1.914
NE1 -2.469  3.313  1.863
CE2 -3.527  2.697  1.263
CZ2 -4.808  3.178  1.000
CH2 -5.681  2.324  0.382
CZ3 -5.317  1.023  0.046
CE3 -4.048  0.542  0.318
CD2 -3.127  1.392  0.933
TRP-2   10 0.0076
CB  -0.940 -0.017  1.205
CG  -1.912  1.124  1.283
CD1 -1.620  2.451  1.440
NE1 -2.779  3.186  1.489
CE2 -3.847  2.340  1.370
CZ2 -5.215  2.613  1.373
CH2 -6.071  1.552  1.242
CZ3 -5.594  0.235  1.114
CE3 -4.235 -0.037  1.110
CD2 -3.337  1.029  1.248
TRP-3   10 0.0078
CB  -0.889 -0.031  1.241
CG  -1.885  1.067  1.367
CD1 -2.422  1.831  0.368
NE1 -3.317  2.742  0.904
CE2 -3.368  2.562  2.257
CZ2 -4.117  3.229  3.228
CH2 -3.963  2.831  4.530
CZ3 -3.094  1.800  4.884
CE3 -2.346  1.132  3.925
CD2 -2.483  1.514  2.586
TRP-4   10 0.0097
CB  -1.010 -0.017  1.150
CG  -0.416  0.263  2.475
CD1 -0.458  1.460  3.150
NE1  0.173  1.352  4.349
CE2  0.661  0.119  4.510
CZ2  1.338 -0.432  5.562
CH2  1.727 -1.742  5.426
CZ3  1.390 -2.489  4.306
CE3  0.681 -1.946  3.248
CD2  0.294 -0.645  3.341
TRP-5   10 0.0076
CB  -0.891  0.050  1.236
CG  -2.027 -0.925  1.250
CD1 -2.019 -2.244  0.890
NE1 -3.268 -2.796  1.067
CE2 -4.096 -1.833  1.572
CZ2 -5.443 -1.902  1.916
CH2 -6.023 -0.765  2.398
CZ3 -5.296  0.431  2.535
CE3 -3.969  0.503  2.184
CD2 -3.345 -0.644  1.691
TRP-6   10 0.0289
CB  -0.895 -0.029  1.247
CG  -1.824  1.119  1.388
CD1 -1.767  2.108  2.329
NE1 -2.804  2.989  2.152
CE2 -3.556  2.577  1.084
CZ2 -4.693  3.141  0.520
CH2 -5.242  2.504 -0.558
CZ3 -4.681  1.333 -1.079
CE3 -3.545  0.774 -0.521
CD2 -2.963  1.401  0.577
TRP-7   10 0.0186
CB  -0.995 -0.039  1.164
CG  -1.931  1.135  1.253
CD1 -2.115  1.919  2.354
NE1 -3.048  2.886  2.091
CE2 -3.509  2.737  0.816
CZ2 -4.451  3.465  0.118
CH2 -4.716  3.089 -1.168
CZ3 -4.051  2.007 -1.766
CE3 -3.112  1.278 -1.069
CD2 -2.831  1.631  0.252
TRP-8   10 0.0377
CB  -0.979 -0.024  1.175
CG  -2.140 -0.906  0.901
CD1 -2.360 -2.160  1.389
NE1 -3.539 -2.658  0.896
CE2 -4.100 -1.724  0.065
CZ2 -5.287 -1.767 -0.663
CH2 -5.601 -0.673 -1.417
CZ3 -4.768  0.450 -1.462
CE3 -3.586  0.494 -0.740
CD2 -3.240 -0.611  0.041
TRP-9   10 0.0164
CB  -0.986  0.011  1.161
CG  -2.110 -0.914  0.868
CD1 -2.264 -2.177  1.333
NE1 -3.398 -2.734  0.824
CE2 -3.994 -1.834 -0.014
CZ2 -5.152 -1.938 -0.763
CH2 -5.502 -0.865 -1.532
CZ3 -4.744  0.303 -1.546
CE3 -3.597  0.412 -0.800
CD2 -3.205 -0.675 -0.014
TRP-10  10 0.0283
CB  -0.956  0.023  1.206
CG  -2.097 -0.919  1.065
CD1 -2.056 -2.255  1.235
NE1 -3.294 -2.800  0.981
CE2 -4.159 -1.799  0.642
CZ2 -5.496 -1.849  0.303
CH2 -6.112 -0.665  0.018
CZ3 -5.426  0.541  0.041
CE3 -4.101  0.591  0.372
CD2 -3.440 -0.597  0.686
TRP-11  10 0.0088
CB  -0.935  0.037  1.203
CG  -2.168 -0.775  1.012
CD1 -2.263 -2.014  0.435
NE1 -3.565 -2.441  0.455
CE2 -4.339 -1.481  1.052
CZ2 -5.711 -1.461  1.303
CH2 -6.218 -0.360  1.929
CZ3 -5.395  0.711  2.306
CE3 -4.037  0.694  2.057
CD2 -3.490 -0.416  1.412
TRP-12  10 0.0223
CB  -0.899 -0.048  1.257
CG  -1.662  1.204  1.550
CD1 -2.963  1.465  1.241
NE1 -3.310  2.716  1.674
CE2 -2.224  3.290  2.278
CZ2 -2.083  4.538  2.868
CH2 -0.864  4.850  3.394
CZ3  0.198  3.946  3.362
CE3  0.061  2.707  2.781
CD2 -1.171  2.362  2.224
TRP-13  10 0.0077
CB  -0.888  0.061  1.245
CG  -1.613  1.361  1.275
CD1 -2.414  1.852  0.301
NE1 -2.897  3.099  0.649
CE2 -2.353  3.421  1.862
CZ2 -2.559  4.538  2.661
CH2 -1.899  4.585  3.843
CZ3 -1.083  3.549  4.270
CE3 -0.910  2.410  3.517
CD2 -1.563  2.333  2.282
TRP-14  10 0.0124
CB  -0.925 -0.014  1.218
CG  -1.724  1.204  1.399
CD1 -2.674  1.703  0.550
NE1 -3.215  2.850  1.066
CE2 -2.633  3.103  2.276
CZ2 -2.861  4.127  3.178
CH2 -2.148  4.118  4.327
CZ3 -1.207  3.115  4.597
CE3 -0.981  2.089  3.712
CD2 -1.706  2.069  2.523
TRP-15  10 0.0372
CB  -0.879 -0.028  1.254
CG  -1.833  1.115  1.369
CD1 -3.080  1.195  0.823
NE1 -3.664  2.394  1.150
CE2 -2.795  3.112  1.929
CZ2 -2.934  4.376  2.499
CH2 -1.887  4.852  3.236
CZ3 -0.716  4.104  3.416
CE3 -0.578  2.849  2.853
CD2 -1.631  2.336  2.090
TRP-16  10 0.0051
CB  -0.901 -0.010  1.239
CG  -1.748  1.221  1.422
CD1 -2.624  1.767  0.521
NE1 -3.230  2.877  1.065
CE2 -2.755  3.059  2.336
CZ2 -3.061  4.041  3.277
CH2 -2.425  3.977  4.486
CZ3 -1.500  2.964  4.775
CE3 -1.192  1.992  3.842
CD2 -1.826  2.033  2.596
TRP-17  10 0.0094
CB  -0.949 -0.026  1.198
CG  -1.892  1.104  1.247
CD1 -3.019  1.264  0.505
NE1 -3.636  2.444  0.834
CE2 -2.906  3.065  1.810
CZ2 -3.124  4.271  2.464
CH2 -2.213  4.646  3.410
CZ3 -1.106  3.850  3.715
CE3 -0.887  2.660  3.068
CD2 -1.801  2.247  2.096
TRP-18  10 0.0104
CB  -1.033  0.020  1.149
CG  -0.489  0.224  2.546
CD1  0.069 -0.709  3.323
NE1  0.441 -0.182  4.500
CE2  0.057  1.124  4.535
CZ2  0.203  2.073  5.517
CH2 -0.273  3.321  5.266
CZ3 -0.849  3.627  4.055
CE3 -0.987  2.695  3.087
CD2 -0.531  1.408  3.317
TRP-19  10 0.0693
CB  -1.013  0.029  1.143
CG  -0.480  0.256  2.510
CD1 -0.248 -0.686  3.459
NE1  0.189 -0.097  4.624
CE2  0.232  1.254  4.442
CZ2  0.619  2.256  5.311
CH2  0.561  3.538  4.845
CZ3  0.142  3.820  3.537
CE3 -0.228  2.831  2.676
CD2 -0.187  1.512  3.116
TRP-20  10 0.0234
CB  -1.040 -0.031  1.151
CG  -0.490 -0.086  2.525
CD1  0.166 -1.121  3.065
NE1  0.503 -0.850  4.355
CE2  0.012  0.387  4.683
CZ2  0.099  1.098  5.867
CH2 -0.482  2.337  5.883
CZ3 -1.105  2.850  4.761
CE3 -1.205  2.161  3.609
CD2 -0.614  0.894  3.549
TRP-21  10 0.0053
CB  -0.900 -0.005  1.251
CG  -1.623  1.282  1.503
CD1 -2.130  2.151  0.579
NE1 -2.734  3.215  1.211
CE2 -2.620  3.040  2.567
CZ2 -3.061  3.840  3.618
CH2 -2.802  3.410  4.894
CZ3 -2.119  2.210  5.142
CE3 -1.682  1.417  4.098
CD2 -1.931  1.832  2.782
TRP-22  10 0.0142
CB  -0.936  0.021  1.202
CG  -1.557  1.362  1.388
CD1 -1.250  2.274  2.355
NE1 -2.003  3.404  2.194
CE2 -2.821  3.242  1.109
CZ2 -3.765  4.107  0.555
CH2 -4.436  3.679 -0.548
CZ3 -4.201  2.418 -1.106
CE3 -3.268  1.553 -0.563
CD2 -2.556  1.966  0.566
TRP-23  10 0.0090
CB  -0.930 -0.048  1.219
CG  -1.614  1.278  1.421
CD1 -1.597  2.033  2.553
NE1 -2.331  3.179  2.371
CE2 -2.828  3.173  1.111
CZ2 -3.620  4.130  0.508
CH2 -3.990  3.883 -0.785
CZ3 -3.600  2.734 -1.459
CE3 -2.805  1.776 -0.847
CD2 -2.408  1.998  0.478
TRP-24  10 0.0147
CB  -0.870  0.025  1.264
CG  -1.740 -1.181  1.395
CD1 -1.342 -2.464  1.649
NE1 -2.439 -3.304  1.669
CE2 -3.555 -2.559  1.428
CZ2 -4.879 -2.946  1.364
CH2 -5.801 -1.973  1.118
CZ3 -5.435 -0.641  0.934
CE3 -4.121 -0.248  1.000
CD2 -3.147 -1.220  1.251
TRP-25  10 0.0067
CB  -0.931  0.042  1.215
CG  -1.852 -1.117  1.375
CD1 -1.573 -2.455  1.344
NE1 -2.723 -3.192  1.554
CE2 -3.769 -2.330  1.734
CZ2 -5.122 -2.602  1.981
CH2 -5.947 -1.525  2.125
CZ3 -5.484 -0.197  2.025
CE3 -4.148  0.054  1.769
CD2 -3.269 -1.023  1.627
TRP-26  10 0.0284
CB  -0.897  0.044  1.226
CG  -1.742 -1.157  1.341
CD1 -1.405 -2.370  1.894
NE1 -2.459 -3.240  1.787
CE2 -3.491 -2.601  1.158
CZ2 -4.759 -3.064  0.830
CH2 -5.598 -2.194  0.193
CZ3 -5.201 -0.891 -0.122
CE3 -3.949 -0.425  0.207
CD2 -3.067 -1.290  0.861
TRP-27  10 0.0419
CB  -0.947 -0.027  1.212
CG  -1.825 -1.226  1.109
CD1 -1.729 -2.398  1.810
NE1 -2.684 -3.284  1.384
CE2 -3.422 -2.693  0.391
CZ2 -4.467 -3.185 -0.330
CH2 -5.006 -2.368 -1.286
CZ3 -4.512 -1.093 -1.514
CE3 -3.472 -0.594 -0.793
CD2 -2.897 -1.403  0.186
TRP-28  10 0.0473
CB  -0.873  0.058  1.251
CG  -1.867 -1.051  1.370
CD1 -1.697 -2.240  2.014
NE1 -2.831 -2.998  1.914
CE2 -3.769 -2.303  1.202
CZ2 -5.050 -2.655  0.832
CH2 -5.761 -1.750  0.099
CZ3 -5.215 -0.510 -0.275
CE3 -3.940 -0.169  0.080
CD2 -3.188 -1.075  0.830
TRP-29  10 0.0339
CB  -0.980  0.009  1.161
CG  -2.066 -0.992  0.993
CD1 -1.985 -2.332  1.213
NE1 -3.187 -2.928  0.946
CE2 -4.069 -1.969  0.529
CZ2 -5.399 -2.076  0.151
CH2 -6.041 -0.929 -0.220
CZ3 -5.392  0.310 -0.219
CE3 -4.079  0.419  0.162
CD2 -3.389 -0.738  0.540
TRP-30  10 0.0152
CB  -1.000 -0.003  1.162
CG  -2.068 -1.009  0.961
CD1 -2.319 -2.115  1.729
NE1 -3.379 -2.816  1.209
CE2 -3.821 -2.180  0.081
CZ2 -4.858 -2.507 -0.784
CH2 -5.073 -1.677 -1.849
CZ3 -4.292 -0.539 -2.061
CE3 -3.264 -0.210 -1.203
CD2 -3.015 -1.043 -0.109
TRP-31  10 0.0109
CB  -0.948  0.054  1.220
CG  -1.949 -1.014  1.305
CD1 -3.260 -0.907  0.959
NE1 -3.918 -2.091  1.194
CE2 -3.031 -3.007  1.676
CZ2 -3.225 -4.312  2.020
CH2 -2.177 -5.005  2.485
CZ3 -0.908 -4.412  2.619
CE3 -0.697 -3.110  2.242
CD2 -1.780 -2.370  1.776
TRP-32  10 0.0160
CB  -1.005 -0.006  1.148
CG  -1.875 -1.238  1.261
CD1 -2.200 -1.855  2.402
NE1 -2.994 -2.933  2.146
CE2 -3.199 -3.007  0.805
CZ2 -3.920 -3.913  0.069
CH2 -3.944 -3.752 -1.240
CZ3 -3.322 -2.736 -1.856
CE3 -2.598 -1.828 -1.159
CD2 -2.529 -1.960  0.213
TRP-33  10 0.0057
CB  -0.894  0.026  1.227
CG  -1.998 -1.006  1.293
CD1 -2.061 -2.213  0.663
NE1 -3.237 -2.876  1.004
CE2 -3.943 -2.068  1.855
CZ2 -5.171 -2.277  2.465
CH2 -5.638 -1.290  3.283
CZ3 -4.919 -0.121  3.508
CE3 -3.695  0.094  2.909
CD2 -3.189 -0.895  2.060
TRP-34  10 0.0054
CB  -0.921 -0.007  1.210
CG  -1.794 -1.194  1.231
CD1 -2.825 -1.455  0.391
NE1 -3.396 -2.667  0.702
CE2 -2.720 -3.211  1.762
CZ2 -2.913 -4.415  2.432
CH2 -2.072 -4.694  3.464
CZ3 -1.041 -3.832  3.809
CE3 -0.861 -2.640  3.171
CD2 -1.697 -2.313  2.113
TRP-35  10 0.0051
CB  -0.915 -0.009  1.220
CG  -2.198  0.736  1.080
CD1 -2.371  2.078  0.904
NE1 -3.707  2.371  0.835
CE2 -4.427  1.216  0.978
CZ2 -5.797  0.998  0.974
CH2 -6.219 -0.280  1.104
CZ3 -5.313 -1.340  1.276
CE3 -3.973 -1.140  1.266
CD2 -3.498  0.164  1.121
TRP-36  10 0.0104
CB  -0.881  0.059  1.240
CG  -2.008 -0.904  1.264
CD1 -2.228 -1.951  0.421
NE1 -3.386 -2.610  0.783
CE2 -3.926 -1.982  1.876
CZ2 -5.079 -2.268  2.605
CH2 -5.364 -1.453  3.668
CZ3 -4.542 -0.374  4.010
CE3 -3.406 -0.092  3.291
CD2 -3.082 -0.904  2.201
TRP-37  10 0.0097
CB  -0.890  0.038  1.236
CG  -1.715 -1.184  1.408
CD1 -2.916 -1.450  0.820
NE1 -3.368 -2.689  1.208
CE2 -2.444 -3.247  2.047
CZ2 -2.450 -4.477  2.686
CH2 -1.391 -4.775  3.487
CZ3 -0.337 -3.877  3.665
CE3 -0.313 -2.661  3.009
CD2 -1.386 -2.327  2.184
TRP-38  10 0.0304
CB  -0.975 -0.022  1.181
CG  -0.365  0.059  2.532
CD1 -0.102  1.187  3.234
NE1  0.434  0.884  4.436
CE2  0.496 -0.474  4.568
CZ2  0.954 -1.244  5.619
CH2  0.917 -2.587  5.467
CZ3  0.429 -3.178  4.294
CE3 -0.029 -2.419  3.253
CD2  0.012 -1.031  3.380
TRP-39  10 0.0084
CB  -0.951  0.002  1.204
CG  -1.927 -1.136  1.228
CD1 -2.544 -1.712  0.163
NE1 -3.391 -2.704  0.587
CE2 -3.319 -2.790  1.952
CZ2 -3.983 -3.629  2.837
CH2 -3.708 -3.487  4.168
CZ3 -2.811 -2.525  4.628
CE3 -2.153 -1.686  3.754
CD2 -2.415 -1.804  2.388
TRP-40  10 0.0386
CB  -0.916  0.008  1.207
CG  -1.943  1.083  1.171
CD1 -1.941  2.252  1.855
NE1 -3.045  3.012  1.575
CE2 -3.804  2.311  0.682
CZ2 -5.016  2.626  0.099
CH2 -5.517  1.730 -0.766
CZ3 -4.886  0.542 -1.057
CE3 -3.681  0.198 -0.488
CD2 -3.138  1.093  0.392
TRP-41  10 0.0176
CB  -0.911  0.008  1.229
CG  -1.887  1.116  1.200
CD1 -1.741  2.340  1.768
NE1 -2.842  3.115  1.532
CE2 -3.729  2.391  0.791
CZ2 -4.977  2.746  0.303
CH2 -5.657  1.806 -0.414
CZ3 -5.118  0.537 -0.662
CE3 -3.872  0.180 -0.188
CD2 -3.155  1.121  0.558
TRP-42  10 0.0072
CB  -0.988  0.026  1.184
CG  -0.378 -0.332  2.484
CD1  0.600  0.328  3.145
NE1  0.919 -0.336  4.322
CE2  0.125 -1.450  4.408
CZ2  0.031 -2.420  5.389
CH2 -0.889 -3.415  5.205
CZ3 -1.718 -3.450  4.108
CE3 -1.623 -2.494  3.113
CD2 -0.692 -1.474  3.254
TRP-43  10 0.0198
CB  -0.946 -0.030  1.218
CG  -2.008  1.024  1.234
CD1 -3.318  0.853  0.930
NE1 -3.996  2.043  1.049
CE2 -3.112  3.014  1.442
CZ2 -3.314  4.369  1.689
CH2 -2.226  5.106  2.075
CZ3 -0.955  4.525  2.180
CE3 -0.760  3.191  1.936
CD2 -1.844  2.409  1.551
TRP-44  10 0.0095
CB  -0.899  0.049  1.229
CG  -2.097 -0.805  1.116
CD1 -3.327 -0.440  0.642
NE1 -4.186 -1.508  0.693
CE2 -3.517 -2.588  1.207
CZ2 -3.957 -3.879  1.455
CH2 -3.054 -4.757  1.981
CZ3 -1.742 -4.375  2.267
CE3 -1.304 -3.099  2.021
CD2 -2.200 -2.176  1.485
TRP-45  10 0.0194
CB  -0.919  0.046  1.209
CG  -1.838 -1.115  1.363
CD1 -2.224 -2.002  0.411
NE1 -3.087 -2.929  0.943
CE2 -3.259 -2.650  2.276
CZ2 -4.016 -3.302  3.240
CH2 -3.992 -2.792  4.512
CZ3 -3.241 -1.652  4.831
CE3 -2.477 -1.013  3.870
CD2 -2.480 -1.515  2.570
TRP-46  10 0.0143
CB  -0.961  0.026  1.188
CG  -2.023 -1.006  1.119
CD1 -2.392 -1.747  0.035
NE1 -3.429 -2.591  0.365
CE2 -3.761 -2.379  1.677
CZ2 -4.739 -2.982  2.463
CH2 -4.836 -2.566  3.765
CZ3 -3.992 -1.585  4.286
CE3 -3.020 -0.989  3.508
CD2 -2.898 -1.380  2.176
TRP-47  10 0.0141
CB  -0.953  0.002  1.140
CG  -2.140 -0.891  1.026
CD1 -2.491 -1.907  1.880
NE1 -3.649 -2.504  1.450
CE2 -4.070 -1.894  0.315
CZ2 -5.189 -2.145 -0.486
CH2 -5.353 -1.348 -1.585
CZ3 -4.456 -0.335 -1.903
CE3 -3.352 -0.093 -1.106
CD2 -3.140 -0.872  0.017
TRP-48  10 0.0100
CB  -0.914  0.005  1.218
CG  -1.998 -1.032  1.176
CD1 -2.488 -1.683  0.073
NE1 -3.496 -2.536  0.442
CE2 -3.677 -2.446  1.795
CZ2 -4.575 -3.110  2.626
CH2 -4.534 -2.814  3.958
CZ3 -3.617 -1.880  4.474
CE3 -2.725 -1.223  3.648
CD2 -2.751 -1.499  2.284
TRP-49  10 0.0250
CB  -0.956 -0.000  1.183
CG  -2.047 -1.028  1.142
CD1 -2.287 -2.004  2.057
NE1 -3.392 -2.741  1.678
CE2 -3.877 -2.240  0.496
CZ2 -4.964 -2.647 -0.287
CH2 -5.208 -1.959 -1.403
CZ3 -4.403 -0.931 -1.785
CE3 -3.337 -0.496 -1.037
CD2 -3.032 -1.178  0.127
TRP-50  10 0.0114
CB  -0.966  0.008  1.182
CG  -2.128 -0.923  1.043
CD1 -2.521 -1.608 -0.073
NE1 -3.655 -2.344  0.205
CE2 -4.017 -2.121  1.508
CZ2 -5.091 -2.619  2.240
CH2 -5.205 -2.213  3.538
CZ3 -4.283 -1.334  4.120
CE3 -3.227 -0.830  3.391
CD2 -3.077 -1.229  2.061
TRP-51  10 0.0065
CB  -0.881  0.036  1.223
CG  -1.796  1.160  1.172
CD1 -2.567  1.517  0.127
NE1 -3.306  2.612  0.448
CE2 -3.013  2.980  1.731
CZ2 -3.511  4.010  2.497
CH2 -3.024  4.133  3.759
CZ3 -2.070  3.250  4.263
CE3 -1.582  2.234  3.507
CD2 -2.055  2.088  2.209
TRP-52  10 0.0086
CB  -0.913  0.039  1.227
CG  -1.979 -0.999  1.230
CD1 -3.246 -0.876  0.739
NE1 -3.942 -2.045  0.930
CE2 -3.124 -2.950  1.553
CZ2 -3.376 -4.258  1.954
CH2 -2.357 -4.935  2.566
CZ3 -1.108 -4.340  2.784
CE3 -0.858 -3.040  2.390
CD2 -1.879 -2.323  1.760
TRP-53  10 0.0139
CB  -0.956  0.013  1.198
CG  -1.976  1.106  1.095
CD1 -3.121  1.088  0.353
NE1 -3.797  2.271  0.498
CE2 -3.089  3.086  1.343
CZ2 -3.366  4.376  1.786
CH2 -2.465  4.954  2.637
CZ3 -1.308  4.277  3.049
CE3 -1.031  3.004  2.604
CD2 -1.934  2.385  1.736
TRP-54  10 0.0057
CB  -0.917  0.012  1.244
CG  -2.057 -0.964  1.192
CD1 -2.724 -1.391  0.091
NE1 -3.717 -2.266  0.446
CE2 -3.723 -2.396  1.807
CZ2 -4.539 -3.170  2.631
CH2 -4.316 -3.096  3.979
CZ3 -3.280 -2.327  4.502
CE3 -2.476 -1.562  3.686
CD2 -2.689 -1.596  2.311
TYR-1    8 0.0296
CB  -0.951  0.004  1.202
CG  -1.787  1.251  1.272
CD1 -2.860  1.434  0.405
CE1 -3.625  2.584  0.452
CZ  -3.311  3.570  1.366
OH  -4.072  4.717  1.410
CE2 -2.248  3.417  2.232
CD2 -1.489  2.260  2.178
TYR-2    8 0.0179
CB  -0.936  0.004  1.203
CG  -1.886  1.177  1.211
CD1 -3.125  1.096  0.589
CE1 -3.995  2.171  0.589
CZ  -3.627  3.341  1.213
OH  -4.491  4.413  1.217
CE2 -2.403  3.450  1.834
CD2 -1.539  2.371  1.828
TYR-3    8 0.0091
CB  -0.926  0.002  1.219
CG  -1.760  1.254  1.362
CD1 -3.091  1.275  0.967
CE1 -3.858  2.419  1.102
CZ  -3.295  3.558  1.638
OH  -4.055  4.697  1.773
CE2 -1.978  3.562  2.039
CD2 -1.220  2.414  1.903
TYR-4    8 0.0123
CB  -0.949 -0.049  1.205
CG  -1.858  1.135  1.376
CD1 -3.214  1.049  1.062
CE1 -4.064  2.137  1.255
CZ  -3.558  3.321  1.759
OH  -4.386  4.399  1.957
CE2 -2.211  3.430  2.074
CD2 -1.373  2.341  1.879
TYR-5    8 0.0273
CB  -0.947  0.025  1.200
CG  -1.821  1.261  1.215
CD1 -2.850  1.418  0.299
CE1 -3.647  2.546  0.302
CZ  -3.418  3.539  1.228
OH  -4.215  4.660  1.234
CE2 -2.405  3.406  2.150
CD2 -1.611  2.272  2.141
TYR-6    8 0.0217
CB  -0.912 -0.033  1.228
CG  -1.932  1.086  1.352
CD1 -2.681  1.513  0.274
CE1 -3.625  2.516  0.408
CZ  -3.822  3.103  1.631
OH  -4.764  4.092  1.785
CE2 -3.098  2.668  2.724
CD2 -2.166  1.677  2.570
TYR-7    8 0.0159
CB  -1.020 -0.018  1.149
CG  -0.467 -0.298  2.513
CD1  0.207  0.684  3.230
CE1  0.696  0.428  4.467
CZ   0.512 -0.782  5.037
OH   1.020 -1.033  6.297
CE2 -0.171 -1.769  4.378
CD2 -0.640 -1.537  3.118
TYR-8    8 0.0115
CB  -0.876 -0.066  1.252
CG  -1.725  1.123  1.545
CD1 -3.047  1.159  1.145
CE1 -3.845  2.234  1.439
CZ  -3.328  3.283  2.155
OH  -4.137  4.353  2.446
CE2 -2.020  3.267  2.581
CD2 -1.230  2.186  2.280
TYR-9    8 0.0149
CB  -1.007  0.016  1.095
CG  -0.383  0.447  2.335
CD1 -0.035  1.759  2.523
CE1  0.561  2.161  3.671
CZ   0.839  1.237  4.641
OH   1.468  1.628  5.802
CE2  0.526 -0.064  4.447
CD2 -0.066 -0.450  3.302
TYR-10   8 0.0098
CB  -0.980 -0.009  1.178
CG  -0.286 -0.154  2.505
CD1  0.015  0.955  3.275
CE1  0.657  0.831  4.478
CZ   1.018 -0.408  4.922
OH   1.664 -0.544  6.124
CE2  0.730 -1.523  4.179
CD2  0.086 -1.395  2.980
TYR-11   8 0.0219
CB  -0.973 -0.018  1.185
CG  -0.266 -0.150  2.501
CD1  0.150  0.966  3.186
CE1  0.808  0.858  4.375
CZ   1.069 -0.376  4.896
OH   1.738 -0.482  6.090
CE2  0.672 -1.499  4.233
CD2  0.015 -1.391  3.042
TYR-12   8 0.0189
CB  -0.928  0.008  1.207
CG  -1.685  1.297  1.300
CD1 -2.714  1.577  0.416
CE1 -3.398  2.768  0.477
CZ  -3.052  3.701  1.425
OH  -3.738  4.889  1.484
CE2 -2.029  3.448  2.311
CD2 -1.351  2.252  2.242
TYR-13   8 0.0057
CB  -1.033 -0.005  1.149
CG  -0.548  0.343  2.544
CD1 -1.137  1.367  3.256
CE1 -0.708  1.695  4.521
CZ   0.291  0.965  5.111
OH   0.686  1.297  6.372
CE2  0.878 -0.071  4.440
CD2  0.458 -0.379  3.166
TYR-14   8 0.0263
CB  -0.923 -0.029  1.220
CG  -1.537  1.303  1.578
CD1 -2.343  1.981  0.679
CE1 -2.913  3.207  1.002
CZ  -2.687  3.748  2.236
OH  -3.239  4.962  2.593
CE2 -1.907  3.084  3.148
CD2 -1.340  1.872  2.819
TYR-15   8 0.0450
CB  -1.001 -0.017  1.153
CG  -0.380  0.061  2.517
CD1 -0.433  1.230  3.248
CE1  0.128  1.318  4.502
CZ   0.753  0.230  5.045
OH   1.307  0.339  6.299
CE2  0.825 -0.955  4.341
CD2  0.257 -1.032  3.081
TYR-16   8 0.0209
CB  -0.953  0.002  1.194
CG  -1.735  1.285  1.312
CD1 -2.923  1.460  0.617
CE1 -3.641  2.635  0.720
CZ  -3.171  3.652  1.525
OH  -3.882  4.825  1.631
CE2 -1.993  3.500  2.224
CD2 -1.284  2.322  2.116
TYR-17   8 0.0369
CB  -0.956  0.014  1.198
CG  -1.692  1.326  1.331
CD1 -2.813  1.596  0.556
CE1 -3.476  2.800  0.661
CZ  -3.023  3.749  1.549
OH  -3.674  4.952  1.666
CE2 -1.912  3.507  2.321
CD2 -1.256  2.304  2.212
TYR-18   8 0.0102
CB  -0.908 -0.017  1.243
CG  -2.004  1.030  1.252
CD1 -2.731  1.354  0.133
CE1 -3.747  2.286  0.151
CZ  -4.058  2.904  1.311
OH  -5.072  3.786  1.360
CE2 -3.372  2.556  2.438
CD2 -2.363  1.652  2.409
TYR-19   8 0.0140
CB  -0.928 -0.020  1.224
CG  -1.993  1.056  1.249
CD1 -3.323  0.748  0.989
CE1 -4.300  1.724  1.016
CZ  -3.956  3.024  1.317
OH  -4.933  3.989  1.344
CE2 -2.645  3.355  1.587
CD2 -1.675  2.374  1.557
TYR-20   8 0.0136
CB  -0.865  0.055  1.235
CG  -1.785 -1.124  1.371
CD1 -1.285 -2.385  1.721
CE1 -2.120 -3.464  1.838
CZ  -3.461 -3.296  1.623
OH  -4.320 -4.365  1.755
CE2 -3.978 -2.063  1.284
CD2 -3.136 -0.990  1.159
TYR-21   8 0.0053
CB  -0.869 -0.054  1.250
CG  -2.131  0.801  1.294
CD1 -3.386  0.187  1.426
CE1 -4.543  0.944  1.494
CZ  -4.476  2.290  1.438
OH  -5.637  3.031  1.509
CE2 -3.283  2.915  1.311
CD2 -2.102  2.173  1.272
TYR-22   8 0.0218
CB  -0.910  0.011  1.240
CG  -1.630 -1.304  1.422
CD1 -1.079 -2.329  2.188
CE1 -1.727 -3.533  2.335
CZ  -2.932 -3.732  1.708
OH  -3.567 -4.939  1.863
CE2 -3.499 -2.735  0.950
CD2 -2.847 -1.535  0.803
TYR-23   8 0.0242
CB  -0.910  0.011  1.229
CG  -1.891  1.157  1.229
CD1 -3.110  1.039  0.581
CE1 -4.008  2.078  0.568
CZ  -3.695  3.255  1.217
OH  -4.585  4.293  1.203
CE2 -2.485  3.397  1.866
CD2 -1.596  2.346  1.874
TYR-24   8 0.0198
CB  -0.874  0.030  1.245
CG  -1.884 -1.106  1.472
CD1 -2.233 -1.476  2.730
CE1 -3.153 -2.471  2.953
CZ  -3.731 -3.110  1.933
OH  -4.628 -4.087  2.190
CE2 -3.431 -2.762  0.674
CD2 -2.490 -1.755  0.444
TYR-25   8 0.0286
CB  -0.890  0.015  1.248
CG  -1.782 -1.197  1.350
CD1 -1.309 -2.384  1.899
CE1 -2.112 -3.504  1.976
CZ  -3.407 -3.448  1.502
OH  -4.209 -4.561  1.582
CE2 -3.900 -2.281  0.952
CD2 -3.086 -1.166  0.873
TYR-26   8 0.0375
CB  -0.947 -0.010  1.203
CG  -1.839 -1.223  1.229
CD1 -1.611 -2.257  2.125
CE1 -2.423 -3.374  2.145
CZ  -3.469 -3.466  1.259
OH  -4.276 -4.573  1.267
CE2 -3.712 -2.458  0.353
CD2 -2.899 -1.343  0.345
TYR-27   8 0.0177
CB  -0.929  0.058  1.202
CG  -1.933  1.167  1.053
CD1 -2.941  1.080  0.102
CE1 -3.866  2.088 -0.052
CZ  -3.784  3.210  0.745
OH  -4.701  4.214  0.593
CE2 -2.787  3.322  1.694
CD2 -1.867  2.304  1.839
TYR-28   8 0.0359
CB  -0.981 -0.006  1.179
CG  -1.895 -1.200  1.136
CD1 -1.667 -2.304  1.942
CE1 -2.492 -3.407  1.889
CZ  -3.560 -3.417  1.027
OH  -4.379 -4.517  0.973
CE2 -3.807 -2.335  0.214
CD2 -2.976 -1.238  0.269
TYR-29   8 0.0321
CB  -0.946 -0.023  1.190
CG  -2.031  1.010  1.112
CD1 -3.111  0.837  0.259
CE1 -4.109  1.775  0.185
CZ  -4.043  2.902  0.973
OH  -5.041  3.832  0.912
CE2 -2.980  3.098  1.829
CD2 -1.988  2.153  1.897
TYR-30   8 0.0305
CB  -0.991 -0.009  1.166
CG  -2.024 -1.087  1.028
CD1 -1.959 -2.241  1.793
CE1 -2.904 -3.236  1.663
CZ  -3.923 -3.084  0.751
OH  -4.873 -4.070  0.612
CE2 -4.008 -1.950 -0.022
CD2 -3.062 -0.960  0.117
TYR-31   8 0.0218
CB  -0.878 -0.011  1.238
CG  -2.007 -0.988  1.130
CD1 -1.813 -2.328  1.440
CE1 -2.835 -3.232  1.338
CZ  -4.071 -2.808  0.925
OH  -5.101 -3.700  0.822
CE2 -4.290 -1.486  0.611
CD2 -3.261 -0.585  0.713
TYR-32   8 0.0130
CB  -0.997 -0.050  1.177
CG  -1.791 -1.336  1.235
CD1 -1.930 -2.028  2.416
CE1 -2.672 -3.199  2.476
CZ  -3.277 -3.666  1.355
OH  -4.014 -4.833  1.408
CE2 -3.187 -2.986  0.183
CD2 -2.450 -1.818  0.122
TYR-33   8 0.0397
CB  -0.947  0.015  1.205
CG  -2.027 -1.033  1.115
CD1 -1.841 -2.295  1.662
CE1 -2.819 -3.262  1.571
CZ  -4.002 -2.972  0.927
OH  -4.978 -3.937  0.836
CE2 -4.211 -1.725  0.374
CD2 -3.226 -0.765  0.469
TYR-34   8 0.0316
CB  -0.964 -0.001  1.194
CG  -2.182 -0.862  0.986
CD1 -2.214 -2.177  1.418
CE1 -3.323 -2.956  1.227
CZ  -4.422 -2.417  0.607
OH  -5.544 -3.188  0.411
CE2 -4.417 -1.115  0.180
CD2 -3.307 -0.346  0.374
TYR-35   8 0.0224
CB  -1.012  0.042  1.163
CG  -1.756 -1.245  1.345
CD1 -1.605 -1.984  2.497
CE1 -2.267 -3.183  2.674
CZ  -3.099 -3.640  1.680
OH  -3.761 -4.832  1.852
CE2 -3.263 -2.923  0.517
CD2 -2.594 -1.724  0.357
TYR-36   8 0.0239
CB  -0.949  0.023  1.197
CG  -1.994 -1.055  1.132
CD1 -2.038 -2.065  2.081
CE1 -2.990 -3.060  2.016
CZ  -3.912 -3.051  0.991
OH  -4.864 -4.040  0.925
CE2 -3.887 -2.059  0.034
CD2 -2.932 -1.070  0.107
TYR-37   8 0.0104
CB  -0.879  0.060  1.238
CG  -2.023 -0.920  1.293
CD1 -2.049 -2.102  0.618
CE1 -3.127 -2.956  0.689
CZ  -4.167 -2.677  1.445
OH  -5.233 -3.591  1.487
CE2 -4.170 -1.550  2.165
CD2 -3.108 -0.659  2.076
TYR-38   8 0.0181
CB  -0.889  0.008  1.234
CG  -1.989 -1.004  1.237
CD1 -1.716 -2.365  1.353
CE1 -2.724 -3.283  1.350
CZ  -4.022 -2.874  1.191
OH  -5.040 -3.815  1.187
CE2 -4.327 -1.568  1.069
CD2 -3.306 -0.621  1.093
TYR-39   8 0.0152
CB  -0.962 -0.009  1.188
CG  -1.954 -1.132  1.088
CD1 -1.941 -2.186  1.989
CE1 -2.849 -3.224  1.883
CZ  -3.771 -3.215  0.863
OH  -4.674 -4.245  0.751
CE2 -3.798 -2.181 -0.050
CD2 -2.892 -1.153  0.065
TYR-40   8 0.0215
CB  -0.876  0.054  1.240
CG  -2.035 -0.883  1.236
CD1 -2.145 -1.877  2.195
CE1 -3.235 -2.705  2.226
CZ  -4.226 -2.561  1.293
OH  -5.315 -3.400  1.321
CE2 -4.152 -1.574  0.340
CD2 -3.067 -0.741  0.315
TYR-41   8 0.0295
CB  -0.892  0.026  1.215
CG  -2.030 -0.998  1.226
CD1 -2.425 -1.608  2.383
CE1 -3.457 -2.501  2.387
CZ  -4.115 -2.814  1.267
OH  -5.146 -3.686  1.306
CE2 -3.702 -2.219  0.135
CD2 -2.687 -1.306  0.131
TYR-42   8 0.0486
CB  -0.888  0.022  1.245
CG  -1.840 -1.138  1.318
CD1 -1.428 -2.370  1.811
CE1 -2.300 -3.442  1.870
CZ  -3.599 -3.288  1.439
OH  -4.463 -4.350  1.497
CE2 -4.034 -2.075  0.943
CD2 -3.156 -1.009  0.885
TYR-43   8 0.0232
CB  -0.984 -0.028  1.168
CG  -2.154 -0.919  0.857
CD1 -2.209 -2.213  1.330
CE1 -3.264 -3.037  1.020
CZ  -4.277 -2.566  0.225
OH  -5.335 -3.380 -0.089
CE2 -4.249 -1.285 -0.265
CD2 -3.187 -0.471  0.045
TYR-44   8 0.0232
CB  -0.960  0.014  1.175
CG  -2.193 -0.807  0.927
CD1 -2.398 -2.005  1.595
CE1 -3.526 -2.743  1.381
CZ  -4.473 -2.289  0.482
OH  -5.601 -3.035  0.261
CE2 -4.293 -1.111 -0.195
CD2 -3.160 -0.377  0.026
